0,0,27.73084925,20.61552813,29.06888371,25.61249695,15.13274595,25.29822128,26.90724809,11.66190379,23.32380758,16.76305461,19.6468827,38.07886553,30.8058436,39.35733731,36.05551275,40.31128874,33.30165161,35.35533906,39.05124838,10,11.66190379,12.16552506,30.52867504,15,24.08318916,34.17601498,17.11724277,36.34556369,20,20.61552813,33.54101966,31.6227766,33.52610923,32.38826948,38.07886553,35.35533906,39.29376541,41.23105626,40.31128874,32.24903099,18.68154169,19.31320792,16.55294536,31.04834939,22.36067977,25.70992026,18.02775638,10.77032961,31.04834939,22.8035085,25,21.21320344,45.17742799,40.04996879,35.05709629,45,35.05709629,45.04442252,40.04996879,45.27692569,22.36067977,18.02775638,14.14213562,21.54065923,25.3179778,16.55294536,12.20655562,20.09975124,15.8113883,58.52349955,57.00877125,23.85372088,55.71355311,19.84943324,15.8113883,52.20153254,32.38826948,39.29376541,51.07837116,51.4781507,47.4341649,35.35533906,32.38826948,31.04834939,46.17358552,26.47640459,24.33105012,26.92582404,21.26029163,20.61552813,22.36067977,44.20407221,8.246211251,40.60788101,37.20215048,24.16609195,40.31128874,30.8058436,33.54101966,38.07886553,39.05124838,47.4341649
0,0,27.73084925,20.61552813,29.06888371,25.61249695,15.13274595,25.29822128,26.90724809,11.66190379,23.32380758,16.76305461,19.6468827,38.07886553,30.8058436,39.35733731,36.05551275,40.31128874,33.30165161,35.35533906,39.05124838,10,11.66190379,12.16552506,30.52867504,15,24.08318916,34.17601498,17.11724277,36.34556369,20,20.61552813,33.54101966,31.6227766,33.52610923,32.38826948,38.07886553,35.35533906,39.29376541,41.23105626,40.31128874,32.24903099,18.68154169,19.31320792,16.55294536,31.04834939,22.36067977,25.70992026,18.02775638,10.77032961,31.04834939,22.8035085,25,21.21320344,45.17742799,40.04996879,35.05709629,45,35.05709629,45.04442252,40.04996879,45.27692569,22.36067977,18.02775638,14.14213562,21.54065923,25.3179778,16.55294536,12.20655562,20.09975124,15.8113883,58.52349955,57.00877125,23.85372088,55.71355311,19.84943324,15.8113883,52.20153254,32.38826948,39.29376541,51.07837116,51.4781507,47.4341649,35.35533906,32.38826948,31.04834939,46.17358552,26.47640459,24.33105012,26.92582404,21.26029163,20.61552813,22.36067977,44.20407221,8.246211251,40.60788101,37.20215048,24.16609195,40.31128874,30.8058436,33.54101966,38.07886553,39.05124838,47.4341649
27.73084925,27.73084925,0,8.602325267,11.66190379,12.04159458,14.14213562,48.83646179,7.810249676,23.43074903,24.51530134,19.23538406,18.02775638,28.7923601,30,31.6227766,32.38826948,33.52610923,34,37,37.33630941,33.30165161,29.06888371,33.24154028,39.05124838,36.79673899,31.32091953,45.88027899,37.01351105,52,40.60788101,37.73592453,58,54.67174773,56.22277119,53.25410782,61.7170965,55.75840744,61.03277808,62.68173578,60.03332408,59.20304046,46.23851209,47.01063709,44.28317965,58.52349955,50.08991915,53.14132102,45.65084884,38.48376281,55.14526272,50.24937811,52.47856705,48.25971405,70.45565982,65.76473219,60.8276253,71.02112362,61.6116872,71.38627319,66.49060084,72.03471385,45.04442252,40.04996879,35.05709629,45.17742799,50.6359556,40.31128874,35.35533906,46.09772229,40.60788101,62.24146528,58.72818744,45.01110974,60.20797289,40.01249805,12.20655562,55.1724569,36.05551275,43.60045871,57.00877125,59.9082632,51.85556865,30.47950131,28.28427125,24.75883681,44.68780594,24.41311123,31.38470965,19.84943324,11.70469991,21.54065923,17,18.02775638,19.72308292,14.76482306,11.18033989,36.40054945,12.80624847,6,5.830951895,10.44030651,37.33630941,51.85556865
20.61552813,20.61552813,8.602325267,0,17.02938637,15.5241747,5.830951895,40.31128874,13,14.86606875,17,10.77032961,10.04987562,25,23.53720459,27.45906044,26.92582404,29.15475947,27.45906044,30.41381265,31.6227766,25,20.51828453,24.75883681,31.25699922,28.28427125,23.34523506,37.85498646,28.42534081,43.65775991,32.01562119,29.15475947,49.49747468,46.09772229,47.63402146,44.65422712,53.15072906,47.16990566,52.43090692,54.08326913,51.4781507,52.77309921,39.29376541,39.84971769,37,51.66236541,42.72001873,46.32493929,38.07886553,31.32091953,50.08991915,42.48529157,44.72135955,40.31128874,65.00769185,60.07495318,55.08175742,65.19202405,55.4436651,65.37583651,60.40695324,65.76473219,40.31128874,35.35533906,30.41381265,40.11234224,45.01110974,35.05709629,30.06659276,40.11234224,35,64.03124237,61.03277808,40.79215611,61.7170965,35.90264614,5,57.00877125,36.79673899,44.59820624,58,60.20797289,53.15072906,33.54101966,30.88689042,27.73084925,47.50789408,25.8069758,30.61045573,22.36067977,12.52996409,21.21320344,18.02775638,26.62705391,12.36931688,23.32380758,19.72308292,34.4818793,21.21320344,13.92838828,14.14213562,18.02775638,31.6227766,53.15072906
29.06888371,29.06888371,11.66190379,17.02938637,0,3.605551275,20.39607805,53.33854141,4.123105626,29.41088234,34.0147027,27.16615541,27,40.31128874,40.44749683,43.08131846,43.41658669,44.94441011,44.40720662,47.38143096,48.27007354,37.21558813,34.53983208,38.01315562,48.09365863,41.59326869,40.11234224,54.45181356,42.54409477,59.66573556,46.09772229,44.27188724,62.12889827,59.53990259,61.29437168,59.09314681,66.37017402,61.84658438,66.64082833,68.44705983,66.48308055,57.24508713,45.80392996,47.01063709,44.68780594,57.45432969,50.44799302,52.15361924,46.69047012,38.94868419,50.96076922,51.623638,53.75872022,50.24937811,66.48308055,62.29767251,57.5847202,67.67569726,59.09314681,68.35202996,63.69458376,69.46221995,40.80441153,36.05551275,31.38470965,41.43669871,47.5394573,37.16180835,32.64965543,43.829214,38.01315562,51.0881591,47.38143096,40.02499219,49.2036584,35.17101079,17.4642492,44.04543109,26,33.12099032,46.32493929,49.64876635,41.0487515,19.10497317,17.20465053,13.60147051,33.24154028,14.56021978,23.08679276,9.486832981,7.810249676,14.14213562,9.219544457,16.76305461,22.82542442,13.34166406,11,29,16.1245155,7.211102551,13.03840481,17.4642492,48.27007354,41.0487515
25.61249695,25.61249695,12.04159458,15.5241747,3.605551275,0,18.02775638,50.11985634,4.472135955,26.68332813,32.24903099,25,25.17935662,39.8246155,39.05124838,42.48529157,42.3792402,44.28317965,42.95346319,45.89117562,47.12748667,34,31.6227766,34.92849839,46,38.48376281,38,52.15361924,39.56008089,57.07013229,43.08131846,41.48493703,58.83026432,56.35601121,58.13776741,56.08029957,63.13477647,58.87274412,63.56099433,65.3911309,63.5688603,53.66563146,42.20189569,43.41658669,41.10960958,53.85164807,46.86149806,48.54894438,43.13930922,35.38361203,47.5394573,48.08326112,50.20956084,46.75467891,63.0634601,58.82176468,54.08326913,64.19501538,55.54277631,64.84597135,60.16643583,65.9241989,37.36308338,32.57299495,27.85677655,37.94733192,44.01136217,33.61547263,29.06888371,40.24922359,34.43835072,50.20956084,46.75467891,36.67424164,48.16637832,31.78049716,15.03329638,43.13930922,24.18677324,31.6227766,45,48.02082881,39.8246155,18.60107524,16.2788206,12.80624847,32.80243893,12.52996409,20.39607805,7.810249676,4.472135955,11,6,20.24845673,19.6977156,16.76305461,14.14213562,26.07680962,19,9.219544457,14.86606875,19.6468827,47.12748667,39.8246155
15.13274595,15.13274595,14.14213562,5.830951895,20.39607805,18.02775638,0,34.71310992,16.76305461,9.433981132,14.86606875,7.071067812,8.062257748,26.2488095,22.36067977,28.28427125,26.62705391,29.73213749,26,28.7923601,30.88689042,19.20937271,15,19.10497317,28.01785145,22.6715681,20.02498439,34.13209633,23.02172887,39.29376541,26.62705391,24.16609195,43.8634244,40.60788101,42.20189569,39.44616585,47.63402146,42.05948169,47.16990566,48.87739764,46.5188134,47.38143096,33.73425559,34.20526275,31.32091953,46.09772229,37,40.79215611,32.31098884,25.70992026,45.39823785,36.67424164,38.91015292,34.4818793,60.03332408,55,50,60.03332408,50.15974482,60.13318551,55.14526272,60.40695324,35.90264614,31.04834939,26.2488095,35.51056181,40.04996879,30.41381265,25.49509757,35,30.14962686,63.51377803,60.90155991,36.68787266,61.03277808,31.95309062,3,56.60388679,36.05551275,43.829214,57.00877125,58.72818744,52.43090692,34.4818793,31.6227766,28.86173938,47.92702787,26,29.06888371,23.53720459,14.03566885,20.59126028,18.68154169,32.01562119,7,28.60069929,25,32.01562119,26.90724809,18.86796226,19.84943324,23.85372088,30.88689042,52.43090692
25.29822128,25.29822128,48.83646179,40.31128874,53.33854141,50.11985634,34.71310992,0,50.47771786,25.45584412,30.46309242,30.61045573,33.01514804,43.93176527,33.54101966,43.41658669,38.20994635,43.18564576,33.06055051,33.01514804,38.01315562,16.1245155,19.79898987,15.62049935,24.08318916,12.04159458,24.73863375,21.54065923,12.20655562,17.69180601,8.94427191,13.60147051,9.219544457,6.32455532,8.246211251,8.544003745,13.03840481,11.40175425,14.14213562,16.1245155,16.2788206,31.2409987,21.47091055,19.72308292,18.38477631,27.20294102,18.43908891,24.75883681,15.65247584,20.09975124,38.83297568,14.14213562,15,11.40175425,46.40043103,41.23105626,37.48332963,44.10215414,34.82814953,43.0464865,38.83297568,41.59326869,36.05551275,34.71310992,34.05877273,34.17601498,32.75667871,31.78049716,31.06444913,28.63564213,29.83286778,79.906195,79.30952024,38.89730068,76.94153625,37.65634077,37.01351105,74.33034374,56.08029957,62.03224968,72.00694411,71.06335202,69.35416354,60.41522987,57.48912941,56.32051136,70.11419257,51.66236541,48.16637832,52.20153254,45.65084884,45.88027899,47.5394573,66.70832032,30.52867504,63.2534584,59.66573556,46.04345773,61.52235366,53.41348144,54.45181356,58.05170109,38.01315562,69.35416354
26.90724809,26.90724809,7.810249676,13,4.123105626,4.472135955,16.76305461,50.47771786,0,26,30,23.34523506,23.02172887,36.24913792,36.34556369,39,39.29376541,40.85339643,40.31128874,43.28972164,44.14748011,34.40930107,31.30495168,34.98571137,44.18144407,38.58756276,36.22154055,50.6359556,39.35733731,56.04462508,42.94182111,40.85339643,59.40538696,56.60388679,58.30951895,55.90169944,63.51377803,58.6003413,63.5295207,65.29931087,63.1585307,56.46237685,44.41846463,45.48626166,43.01162634,56.35601121,48.82622246,51,44.82186966,37.20215048,50.99019514,49.67896939,51.85556865,48.10405388,66.49060084,62.09669879,57.28001397,67.44627492,58.52349955,68.00735254,63.2455532,68.9492567,40.79215611,35.90264614,31.04834939,41.23105626,47.12748667,36.68787266,31.95309062,43.08131846,37.33630941,54.4885309,50.93132631,40.31128874,52.49761899,35.35533906,13.92838828,47.42362281,28.65309756,36.05551275,49.40647731,52.47856705,44.20407221,22.6715681,20.51828453,16.97056275,36.87817783,17,24.73863375,12.20655562,6.32455532,15.13274595,10.19803903,17.49285568,20,13.89244399,10.77032961,30.2654919,15.13274595,5,10.44030651,15.29705854,44.14748011,44.20407221
11.66190379,11.66190379,23.43074903,14.86606875,29.41088234,26.68332813,9.433981132,25.45584412,26,0,11.66190379,6.08276253,9.055385138,26.57066051,19.20937271,27.73084925,24.41311123,28.65309756,21.9317122,24.20743687,27.58622845,10.77032961,5.656854249,10,20.88061302,13.45362405,13.41640786,26.07680962,13.60147051,30.41381265,17.20465053,14.86606875,34.6554469,31.2409987,32.80243893,30.01666204,38.28837944,32.64965543,37.73592453,39.44616585,37.16180835,42.04759208,28.01785145,28.01785145,25.01999201,40.04996879,30.2654919,35,25.3179778,20.09975124,42.3792402,29.12043956,31.32091953,26.57066051,55.90169944,50.6359556,45.70557953,55.32630477,45.17742799,55.14526272,50.15974482,55.00909016,34,29.68164416,25.61249695,33.10589071,36.40054945,28.17800561,23.85372088,31.04834939,27.31300057,67.9779376,65.9241989,35.51056181,65.29931087,31.40063694,12.08304597,61.32699243,40.85339643,48.33218389,60.90155991,61.85466838,56.79788728,41.30375286,38.32753579,36.05551275,53.85164807,32.38826948,33.10589071,31,22.36067977,26.47640459,26,41.40048309,8.246211251,38.01315562,34.40930107,34.40930107,36.06937759,28.3019434,29,32.64965543,27.58622845,56.79788728
23.32380758,23.32380758,24.51530134,17,34.0147027,32.24903099,14.86606875,30.46309242,30,11.66190379,0,8.062257748,7.071067812,15.29705854,7.810249676,16.15549442,12.80624847,17,11.18033989,13.92838828,16.40121947,20.09975124,14.14213562,18,14.56021978,20.22374842,7.211102551,21.54065923,18.68154169,28.3019434,21.54065923,17,39.35733731,34.98571137,36.05551275,32.01562119,41.88078318,33.9705755,39.69886648,41.03656906,37.53664876,52.61178575,38.63935817,38.32753579,35.35533906,50.15974482,40.04996879,45.39823785,35.05709629,31.04834939,53.85164807,38.05259518,40.11234224,35.12833614,66.94027188,61.6116872,56.75385449,66.09841148,55.90169944,65.76473219,60.8276253,65.37583651,45.65084884,41.34005322,37.20215048,44.72135955,47.75981575,39.8246155,35.51056181,42.3792402,38.91015292,78.0320447,75.59100476,47.16990566,75.47184906,43.01162634,17.72004515,71.19691005,50.60632372,58.30951895,71.28113355,72.62231062,66.88796603,49.33558553,46.4865572,43.68065934,62.76941931,40.85339643,43.26661531,38.32753579,28.63564213,35.34119409,33.52610923,41.78516483,18.43908891,38.89730068,35.44009029,45.3431362,35.34119409,30.41381265,28.7923601,30.88689042,16.40121947,66.88796603
16.76305461,16.76305461,19.23538406,10.77032961,27.16615541,25,7.071067812,30.61045573,23.34523506,6.08276253,8.062257748,0,3,21.47091055,15.8113883,23.02172887,20.51828453,24.20743687,19.23538406,21.9317122,24.41311123,16.76305461,11.18033989,15.65247584,21,18.86796226,13,27.29468813,18.43908891,32.89376841,21.9317122,18.60107524,39.8246155,36.06937759,37.48332963,34.20526275,43.13930922,36.61966685,42.01190308,43.60045871,40.81666326,48.01041554,34,34.05877273,31.06444913,46.09772229,36.34556369,41.01219331,31.40063694,26.01922366,47.80167361,35.17101079,37.36308338,32.57299495,61.66036004,56.43580424,51.4781507,61.20457499,51.0881591,61.07372594,56.08029957,61,39,34.43835072,30.01666204,38.27531842,41.97618372,33.24154028,28.63564213,36.67424164,32.57299495,69.97142274,67.53517602,40.24922359,67.41661516,35.84689666,10.04987562,63.13477647,42.54409477,50.24937811,63.2455532,64.66065264,58.83026432,41.48493703,38.60051813,35.90264614,54.7813837,32.89376841,35.22782991,30.59411708,21.09502311,27.31300057,25.70992026,37.21558813,10.63014581,34,30.41381265,37.48332963,31.40063694,24.69817807,24.41311123,27.58622845,24.41311123,58.83026432
19.6468827,19.6468827,18.02775638,10.04987562,27,25.17935662,8.062257748,33.01514804,23.02172887,9.055385138,7.071067812,3,0,18.86796226,14.31782106,20.61552813,18.60107524,21.9317122,18.02775638,20.88061302,22.82542442,19.6468827,13.92838828,18.38477631,21.21320344,21.47091055,13.34166406,27.89265136,20.80865205,34.0147027,24.20743687,20.51828453,42.20189569,38.28837944,39.62322551,36.12478374,45.3431362,38.41874542,43.93176527,45.45327271,42.43819035,51.00980298,37,37.05401463,34.05877273,49.09175083,39.3192065,44.01136217,34.36568055,29.01723626,50.69516742,38.07886553,40.26164428,35.44009029,64.62971453,59.41380311,54.45181356,64.19501538,54.08326913,64.07027392,59.07622195,64,41.78516483,37.16180835,32.64965543,41.10960958,44.91102315,36.05551275,31.38470965,39.62322551,35.44009029,71.56116265,68.9637586,42.95346319,69.0651866,38.47076812,10.77032961,64.66065264,44.10215414,51.86520992,65,66.60330322,60.46486583,42.3792402,39.56008089,36.68787266,55.94640292,34.0147027,37.01351105,31.32091953,21.58703314,28.65309756,26.57066051,35.77708764,13.03840481,32.69556545,29.15475947,39.62322551,29.68164416,23.76972865,22.82542442,25.61249695,22.82542442,60.46486583
38.07886553,38.07886553,28.7923601,25,40.31128874,39.8246155,26.2488095,43.93176527,36.24913792,26.57066051,15.29705854,21.47091055,18.86796226,0,10.44030651,3,7.071067812,5,12.20655562,14.14213562,11.18033989,35.35533906,29.42787794,33.13608305,21.9544984,35,19.23538406,28.60069929,33.06055051,36.61966685,35.35533906,30.41381265,52.20153254,47.4341649,48.10405388,43.46262762,53.85164807,44.72135955,50.53711507,51.4781507,47.16990566,67.89698079,53.93514624,53.60037313,50.6359556,65.37583651,55.22680509,60.67124525,50.24937811,46.32493929,68.9492567,53.00943312,55,50,82.22530024,76.90253572,72.03471385,81.39410298,71.19691005,81.04936767,76.11832894,80.62257748,60.41522987,55.90169944,51.4781507,59.61543424,62.93647591,54.62600113,50.08991915,57.56735186,53.85164807,89.02246907,86.02325267,61.7170965,86.68333173,57.30619513,28.28427125,82.00609733,61.7170965,69.52697318,82.8794305,84.85281374,78.10249676,58.30951895,55.75840744,52.47856705,72.40165744,50.80354318,55.15432893,47.16990566,37.44329045,46.09772229,43.01162634,42,31.90611227,40.11234224,37.33630941,58.25804665,35,34.4818793,30.41381265,30,11.18033989,78.10249676
30.8058436,30.8058436,30,23.53720459,40.44749683,39.05124838,22.36067977,33.54101966,36.34556369,19.20937271,7.810249676,15.8113883,14.31782106,10.44030651,0,10,5.385164807,10.19803903,4,7,8.602325267,26.2488095,20.61552813,23.76972865,12.04159458,25.17935662,9,19.10497317,23.02172887,26.90724809,25.07987241,20.09975124,41.76122604,37,37.69615365,33.10589071,43.46262762,34.4818793,40.31128874,41.34005322,37.20215048,58.69412236,44.92215489,44.38468204,41.48493703,55.90169944,45.70557953,51.41984053,40.79215611,37.69615365,60.8358447,43.18564576,45.09988914,40.11234224,73.37574531,68.00735254,63.2455532,72.277244,62.09669879,71.80529228,66.94027188,71.19691005,53,48.82622246,44.82186966,51.97114584,54.62600113,47.16990566,43.01162634,49.24428901,46.14108798,85.7554663,83.24061509,54.64430437,83.21658489,50.60632372,25.07987241,78.89233169,58.30951895,66.03786792,79.0569415,80.43009387,74.62573283,56.64803615,53.85164807,50.92150823,70.26378868,48.33218389,51.03920062,45.54119015,35.73513677,42.94182111,40.85339643,46.09772229,26.2488095,43.56604182,40.31128874,53.15072906,39.29376541,36,33.37663854,34.4818793,8.602325267,74.62573283
39.35733731,39.35733731,31.6227766,27.45906044,43.08131846,42.48529157,28.28427125,43.41658669,39,27.73084925,16.15549442,23.02172887,20.61552813,3,10,0,5.385164807,2,10.77032961,12.20655562,8.602325267,35.90264614,30.08321791,33.54101966,20.61552813,35.12833614,19,26.92582404,33.01514804,34.98571137,35.05709629,30.06659276,51.41984053,46.57252409,47.12748667,42.3792402,52.81098371,43.46262762,49.24428901,50.08991915,45.65084884,68.44705983,54.5710546,54.12947441,51.19570294,65.76473219,55.57877293,61.18823416,50.6359556,47.12748667,70.00714249,53.15072906,55.08175742,50.08991915,82.96987405,77.62087348,72.80109889,82,71.80529228,81.58431222,76.68767828,81.04936767,61.7170965,57.30619513,53,60.8358447,63.90618123,55.90169944,51.4781507,58.52349955,55.03635162,91.40021882,88.48163651,63.13477647,89.02246907,58.83026432,30.47950131,84.40379138,64.03124237,71.84010022,85.14693183,87,80.43009387,60.90155991,58.30951895,55.07267925,74.94664769,53.25410782,57.31491952,49.73932046,39.96248241,48.41487375,45.48626166,45,33.60059523,43.10452412,40.31128874,60.20797289,38,37.36308338,33.37663854,33,8.602325267,80.43009387
36.05551275,36.05551275,32.38826948,26.92582404,43.41658669,42.3792402,26.62705391,38.20994635,39.29376541,24.41311123,12.80624847,20.51828453,18.60107524,7.071067812,5.385164807,5.385164807,0,5,5.385164807,7.071067812,5,31.6227766,26,29.12043956,15.23154621,30.41381265,14.14213562,21.63330765,28.16025568,29.68164416,30,25,46.09772229,41.23105626,41.76122604,37,47.4341649,38.07886553,43.8634244,44.72135955,40.31128874,64.03124237,50.28916384,49.72926704,46.84015371,61.18823416,50.99019514,56.75385449,46.09772229,43.08131846,66.21178143,48.37354649,50.24937811,45.27692569,78.74642849,73.37574531,68.62215386,77.62087348,67.44627492,77.12976079,72.277244,76.4852927,58.30951895,54.08326913,50,57.30619513,60.00833275,52.47856705,48.25971405,54.62600113,51.4781507,90.13878189,87.46427842,59.9082632,87.658428,55.80322571,29.15475947,83.21658489,62.68173578,70.45565982,83.60023923,85.14693183,79.0569415,60.41522987,57.69748695,54.62600113,74.24284477,52.35456045,55.6057551,49.24428901,39.39543121,47.16990566,44.72135955,47.26520919,31.11269837,45.04442252,42,58,40.31128874,38.32753579,35,35.35533906,5,79.0569415
40.31128874,40.31128874,33.52610923,29.15475947,44.94441011,44.28317965,29.73213749,43.18564576,40.85339643,28.65309756,17,24.20743687,21.9317122,5,10.19803903,2,5,0,10.19803903,11.18033989,7.071067812,36.40054945,30.6757233,33.95585369,19.92485885,35.35533906,19.10497317,25.94224354,33.13608305,34,35,30,50.99019514,46.09772229,46.57252409,41.76122604,52.20153254,42.72001873,48.46648326,49.24428901,44.72135955,68.8839604,55.08175742,54.5710546,51.66236541,66.09841148,55.90169944,61.6116872,50.99019514,47.75981575,70.77428912,53.33854141,55.22680509,50.24937811,83.52245207,78.16009212,73.37574531,82.46211251,72.277244,82,77.12976079,81.39410298,62.64982043,58.30951895,54.08326913,61.7170965,64.62197769,56.82429058,52.47856705,59.23681288,55.90169944,93.00537619,90.13878189,64.14047084,90.60353194,59.9082632,32.01562119,86.02325267,65.60487787,73.40980861,86.68333173,88.45903006,82.00609733,62.64982043,60.03332408,56.82429058,76.66159404,54.91812087,58.79625838,51.4781507,41.67733197,50,47.16990566,47,34.82814953,45.09988914,42.29657197,61.55485359,40,39.29376541,35.35533906,35,7.071067812,82.00609733
33.30165161,33.30165161,34,27.45906044,44.40720662,42.95346319,26,33.06055051,40.31128874,21.9317122,11.18033989,19.23538406,18.02775638,12.20655562,4,10.77032961,5.385164807,10.19803903,0,3,5.830951895,27.73084925,22.47220505,25.07987241,9.848857802,25.96150997,9.848857802,16.40121947,23.53720459,24.41311123,25.07987241,20.09975124,40.79215611,35.90264614,36.40054945,31.6227766,42.05948169,32.69556545,38.48376281,39.35733731,34.98571137,59.77457654,46.23851209,45.54119015,42.72001873,56.75385449,46.57252409,52.49761899,41.76122604,39.35733731,62.64982043,43.73785546,45.54119015,40.60788101,74.67261881,69.28924881,64.62197769,73.37574531,63.2455532,72.80109889,68.00735254,72.03471385,55.21775077,51.2249939,47.42362281,54.08326913,56.35601121,49.40647731,45.45327271,51,48.25971405,89.18520057,86.76981042,57.00877125,86.60831369,53.15072906,28.7923601,82.36504113,61.77378085,69.46221995,82.37718131,83.60023923,78.0320447,60.40695324,57.5847202,54.70831747,73.92563831,52,54.3783045,49.33558553,39.56008089,46.5188134,44.59820624,50.009999,29.41088234,47.51841748,44.28317965,56.22277119,43.17406629,40,37.33630941,38.32753579,5.830951895,78.0320447
35.35533906,35.35533906,37,30.41381265,47.38143096,45.89117562,28.7923601,33.01514804,43.28972164,24.20743687,13.92838828,21.9317122,20.88061302,14.14213562,7,12.20655562,7.071067812,11.18033989,3,0,5,29.15475947,24.20743687,26.41968963,9.055385138,26.92582404,11.40175425,14.76482306,24.35159132,22.82542442,25.49509757,20.61552813,40.31128874,35.35533906,35.6931366,30.8058436,41.23105626,31.6227766,37.33630941,38.07886553,33.54101966,60.74537019,47.42362281,46.61544808,43.8634244,57.56735186,47.4341649,53.48831648,42.72001873,40.81666326,64.14047084,44.38468204,46.09772229,41.23105626,75.76938696,70.38465742,65.7951366,74.33034374,64.25729531,73.68174808,68.9492567,72.80109889,57.00877125,53.15072906,49.49747468,55.80322571,57.80138407,51.2249939,47.42362281,52.47856705,50,91.78779875,89.4427191,58.89821729,89.18520057,55.1724569,31.6227766,85,64.41273166,72.06941099,84.90583019,86.02325267,80.62257748,63.2455532,60.40695324,57.56735186,76.69419796,54.7813837,56.93856338,52.20153254,42.44997055,49.24428901,47.4341649,52.95280918,31.90611227,50.48762225,47.26520919,58.6003413,46.09772229,43,40.31128874,41.23105626,5,80.62257748
39.05124838,39.05124838,37.33630941,31.6227766,48.27007354,47.12748667,30.88689042,38.01315562,44.14748011,27.58622845,16.40121947,24.41311123,22.82542442,11.18033989,8.602325267,8.602325267,5,7.071067812,5.830951895,5,0,33.54101966,28.3019434,30.87069808,14.03566885,31.6227766,15.65247584,19.31320792,29.12043956,27.31300057,30.41381265,25.49509757,45.27692569,40.31128874,40.60788101,35.6931366,46.09772229,36.40054945,42.05948169,42.72001873,38.07886553,65.4599114,52,51.26402247,48.46648326,62.36184731,52.20153254,58.1893461,47.4341649,45.17742799,68.47627326,49.24428901,50.99019514,46.09772229,80.41144197,75.02666193,70.38465742,79.0569415,68.9492567,78.44743463,73.68174808,77.62087348,61.03277808,57.00877125,53.15072906,59.9082632,62.17716623,55.21775077,51.2249939,56.82429058,54.08326913,94.33981132,91.78779875,62.80127387,91.80958556,58.89821729,33.54101966,87.46427842,66.88796603,74.62573283,87.658428,89.02246907,83.21658489,65,62.24146528,59.23681288,78.72102642,56.79788728,59.6405902,53.85164807,44.01136217,51.4781507,49.24428901,52.23983155,34.82814953,50.03998401,47,61.7170965,45.27692569,43.28972164,40,40.31128874,0,83.21658489
10,10,33.30165161,25,37.21558813,34,19.20937271,16.1245155,34.40930107,10.77032961,20.09975124,16.76305461,19.6468827,35.35533906,26.2488095,35.90264614,31.6227766,36.40054945,27.73084925,29.15475947,33.54101966,0,6,2.828427125,22.627417,5,17.88854382,25.05992817,7.280109889,26.47640459,10,11.18033989,25,22.36067977,24.16609195,22.56102835,29.15475947,25.49509757,29.73213749,31.6227766,30.41381265,32.55764119,18.68154169,18.24828759,15.29705854,30.06659276,20,25.3179778,15,11.66190379,34.98571137,18.43908891,20.61552813,15.8113883,47.12748667,41.76122604,37,46.09772229,35.90264614,45.70557953,40.79215611,45.27692569,28.28427125,25,22.36067977,26.90724809,28.65309756,22.6715681,19.72308292,23.32380758,21.21320344,68.00735254,66.70832032,30.47950131,65.1459899,27.45906044,21.21320344,61.84658438,42.29657197,49.03060269,60.40695324,60.41522987,57.00877125,45.27692569,42.29657197,40.79215611,56.14267539,36.34556369,34.23448554,36.40054945,29.52964612,30.41381265,31.6227766,50.93132631,14.4222051,47.42362281,43.8634244,33.52610923,46.09772229,37.53664876,39.05124838,43.01162634,33.54101966,57.00877125
11.66190379,11.66190379,29.06888371,20.51828453,34.53983208,31.6227766,15,19.79898987,31.30495168,5.656854249,14.14213562,11.18033989,13.92838828,29.42787794,20.61552813,30.08321791,26,30.6757233,22.47220505,24.20743687,28.3019434,6,0,4.472135955,18.86796226,7.810249676,12.80624847,22.8035085,8.062257748,26.01922366,11.66190379,10.04987562,29,25.61249695,27.20294102,24.59674775,32.64965543,27.31300057,32.24903099,34,31.95309062,38.47076812,24.51530134,24.18677324,21.21320344,36.05551275,26,31.25699922,21,17.08800749,40.24922359,24.33105012,26.47640459,21.58703314,52.88667129,47.5394573,42.72001873,51.97114584,41.77319715,51.623638,46.69047012,51.2445119,32.80243893,29,25.61249695,31.6227766,34.0147027,27.01851217,23.34523506,28.63564213,25.8069758,70.00714249,68.30812543,34.71310992,67.23094526,31.144823,17.49285568,63.5688603,43.41658669,50.59644256,62.64982043,63.13477647,58.87274412,45.01110974,42.01190308,40.04996879,56.88585061,36.01388621,35.44009029,35.22782991,27.20294102,30.01666204,30.2654919,47.01063709,12.16552506,43.60045871,40,35.77708764,41.72529209,33.83784863,34.6554469,38.28837944,28.3019434,58.87274412
12.16552506,12.16552506,33.24154028,24.75883681,38.01315562,34.92849839,19.10497317,15.62049935,34.98571137,10,18,15.65247584,18.38477631,33.13608305,23.76972865,33.54101966,29.12043956,33.95585369,25.07987241,26.41968963,30.87069808,2.828427125,4.472135955,0,19.79898987,3.605551275,15.23154621,22.36067977,5,24.18677324,8.246211251,8.544003745,24.75883681,21.63330765,23.32380758,21.1896201,28.60069929,24.04163056,28.63564213,30.46309242,28.86173938,34.92849839,21.1896201,20.61552813,17.72004515,32.24903099,22.09072203,27.65863337,17.11724277,14.4222051,37.73592453,20.09975124,22.20360331,17.2626765,49.64876635,44.27188724,39.56008089,48.50773134,38.32753579,48.05205511,43.17406629,47.51841748,31.11269837,27.80287755,25.05992817,29.73213749,31.38470965,25.49509757,22.47220505,26.07680962,24.04163056,70.51950085,69.12307864,33.30165161,67.67569726,30.23243292,21.40093456,64.28841264,44.55333882,51.41984053,62.96824597,63.07138812,59.48108943,47.09564736,44.10215414,42.42640687,58.30951895,38.11823711,36.49657518,37.85498646,30.46309242,32.14031736,32.984845,51.0881591,15.23154621,47.63402146,44.04543109,36.05551275,45.96737974,37.80211634,38.89730068,42.63801121,30.87069808,59.48108943
30.52867504,30.52867504,39.05124838,31.25699922,48.09365863,46,28.01785145,24.08318916,44.18144407,20.88061302,14.56021978,21,21.21320344,21.9544984,12.04159458,20.61552813,15.23154621,19.92485885,9.848857802,9.055385138,14.03566885,22.627417,18.86796226,19.79898987,0,19.41648784,8,7.211102551,16.64331698,14.86606875,17.08800749,12.52996409,31.25699922,26.30589288,26.68332813,21.84032967,32.28002478,22.84731932,28.63564213,29.52964612,25.23885893,52.80151513,39.96248241,38.94868419,36.35931793,49.39635614,39.39543121,45.61797891,34.88552709,34.05877273,57.20139858,36.05551275,37.64306045,32.89376841,67.9779376,62.60990337,58.18075283,66.3098786,56.36488268,65.55150647,60.92618485,64.51356447,50.91168825,47.50789408,44.40720662,49.51767361,50.80354318,45.27692569,42.01190308,45.607017,43.84062043,88.63972022,86.72946443,53.07541804,85.90692638,49.81967483,31.01612484,82.07923002,61.68468205,69.07966416,81.39410298,81.98780397,77.47257579,61.98386887,59.03388857,56.56854249,74.72616677,53.15072906,53.85164807,51.35172831,42.04759208,47.29693436,46.38965402,56.30275304,29.12043956,53.45091206,50,54.58937626,49.76946855,44.91102315,43.32435804,45.18849411,14.03566885,77.47257579
15,15,36.79673899,28.28427125,41.59326869,38.48376281,22.6715681,12.04159458,38.58756276,13.45362405,20.22374842,18.86796226,21.47091055,35,25.17935662,35.12833614,30.41381265,35.35533906,25.96150997,26.92582404,31.6227766,5,7.810249676,3.605551275,19.41648784,0,16.2788206,20.80865205,2.828427125,21.58703314,5,7.071067812,21.21320344,18.02775638,19.72308292,17.72004515,25,20.61552813,25.07987241,26.92582404,25.49509757,33.83784863,20.59126028,19.6977156,17,30.8058436,20.61552813,26.57066051,15.8113883,14.86606875,37.80211634,18.02775638,20,15,48.84669897,43.46262762,38.91015292,47.4341649,37.33630941,46.84015371,42.05948169,46.09772229,32.01562119,29.15475947,26.92582404,30.47950131,31.40063694,26.62705391,24.16609195,26.2488095,25,72.80109889,71.58910532,34.40930107,69.92138443,31.76476035,25,66.70832032,47.26520919,53.93514624,65.1459899,65,61.84658438,50.24937811,47.26520919,45.70557953,61.13100686,41.30375286,39.20459157,41.23105626,34.0147027,35.35533906,36.40054945,54.67174773,18.78829423,51.2249939,47.63402146,38.32753579,49.49747468,41.40048309,42.42640687,46.09772229,31.6227766,61.84658438
24.08318916,24.08318916,31.32091953,23.34523506,40.11234224,38,20.02498439,24.73863375,36.22154055,13.41640786,7.211102551,13,13.34166406,19.23538406,9,19,14.14213562,19.10497317,9.848857802,11.40175425,15.65247584,17.88854382,12.80624847,15.23154621,8,16.2788206,0,14.56021978,14.03566885,21.09502311,16.1245155,11.18033989,33.24154028,28.63564213,29.52964612,25.23885893,35.35533906,27.01851217,32.80243893,34.05877273,30.41381265,50,36.40054945,35.73513677,32.89376841,47.07440918,36.87817783,42.72001873,32.01562119,29.52964612,52.83937925,34.23448554,36.12478374,31.144823,64.84597135,59.46427499,54.7813837,63.60031446,53.45091206,63.0634601,58.24087911,62.36986452,45.607017,41.77319715,38.20994635,44.40720662,46.5295605,39.8246155,36.06937759,41.18252056,38.60051813,81.39410298,79.30952024,47.50789408,78.71467462,43.84062043,23.02172887,74.73285757,54.23098745,61.74139616,74.30343195,75.16648189,70.21395873,54.12947441,51.19570294,48.66210024,67.05221846,45.35416188,46.5188134,43.41658669,34.05877273,39.56008089,38.47076812,48.84669897,21.54065923,45.88027899,42.3792402,47.70744177,42.48529157,37.10795063,35.84689666,38.07886553,15.65247584,70.21395873
34.17601498,34.17601498,45.88027899,37.85498646,54.45181356,52.15361924,34.13209633,21.54065923,50.6359556,26.07680962,21.54065923,27.29468813,27.89265136,28.60069929,19.10497317,26.92582404,21.63330765,25.94224354,16.40121947,14.76482306,19.31320792,25.05992817,22.8035085,22.36067977,7.211102551,20.80865205,14.56021978,0,18.02775638,8.062257748,16.97056275,13.89244399,27.07397274,22.09072203,22,17,27.16615541,17.2626765,22.8035085,23.40939982,18.78829423,52.15361924,40.36087214,39.05124838,36.79673899,48.37354649,38.83297568,45.22167622,34.82814953,35.60898763,58,34.98571137,36.23534186,31.90611227,67.41661516,62.12889827,58.00862005,65.36818798,55.75840744,64.41273166,60.03332408,63.07138812,52.80151513,49.92995093,47.41307836,51.2249939,51.623638,47.4341649,44.77722635,46.69047012,45.80392996,92.6984358,91.0933587,55.21775077,89.88882022,52.47856705,37.12142239,86.33075929,66.21933252,73.37574531,85.23496935,85.42833254,81.59656856,67.36467917,64.38167441,62.12889827,79.62411695,58.42088668,58.24087911,57.03507693,48.0416486,52.46903849,52.03844733,63.3245608,34.23448554,60.40695324,56.92099788,58.30951895,56.8594759,51.66236541,50.32891813,52.32590181,19.31320792,81.59656856
17.11724277,17.11724277,37.01351105,28.42534081,42.54409477,39.56008089,23.02172887,12.20655562,39.35733731,13.60147051,18.68154169,18.43908891,20.80865205,33.06055051,23.02172887,33.01514804,28.16025568,33.13608305,23.53720459,24.35159132,29.12043956,7.280109889,8.062257748,5,16.64331698,2.828427125,14.03566885,18.02775638,0,19.23538406,3.605551275,4.242640687,21.40093456,17.69180601,19.20937271,16.55294536,24.75883681,19.31320792,24.18677324,25.94224354,24.04163056,36.40054945,23.32380758,22.36067977,19.72308292,33.24154028,23.08679276,29.15475947,18.38477631,17.69180601,40.60788101,20.22374842,22.09072203,17.11724277,51.4781507,46.09772229,41.59326869,49.979996,39.92492956,49.33558553,44.59820624,48.50773134,34.82814953,31.90611227,29.54657341,33.30165161,34.20526275,29.41088234,26.83281573,29.06888371,27.80287755,75.2861209,73.97972695,37.20215048,72.42237223,34.4818793,25.55386468,69.12307864,49.49747468,56.29387178,67.67569726,67.62396025,64.28841264,52.08646657,49.09175083,47.38143096,63.28506933,43.10452412,41.43669871,42.75511665,35.11409973,37.12142239,37.85498646,55,19.92485885,51.6139516,48.01041554,40.80441153,49.57822102,41.88078318,42.52058325,45.96737974,29.12043956,64.28841264
36.34556369,36.34556369,52,43.65775991,59.66573556,57.07013229,39.29376541,17.69180601,56.04462508,30.41381265,28.3019434,32.89376841,34.0147027,36.61966685,26.90724809,34.98571137,29.68164416,34,24.41311123,22.82542442,27.31300057,26.47640459,26.01922366,24.18677324,14.86606875,21.58703314,21.09502311,8.062257748,19.23538406,0,16.76305461,16,20.88061302,16.15549442,15.5241747,10.77032961,20.02498439,10.04987562,15.13274595,15.5241747,10.77032961,48.91829923,38.60051813,37.01351105,35.22782991,44.82186966,36.06937759,42.42640687,32.80243893,35.34119409,56.22277119,31.82766093,32.64965543,29,64.03124237,58.89821729,55.1724569,61.6116872,52.49761899,60.46486583,56.40035461,58.83026432,52.35456045,50.15974482,48.38388161,50.60632372,50,47.42362281,45.54119015,45.48626166,45.61797891,94.3716059,93.17188417,55.00909016,91.48223871,52.92447449,42.20189569,88.29496022,68.73136111,75.50496672,86.68333173,86.37708029,83.43260753,71,68,66.06814664,82.49242389,62,60.67124525,61.20457499,52.77309921,56,56.22277119,69.7782201,38.11823711,66.70832032,63.1585307,59.9082632,63.5295207,57.5847202,56.79788728,59.16924877,27.31300057,83.43260753
20,20,40.60788101,32.01562119,46.09772229,43.08131846,26.62705391,8.94427191,42.94182111,17.20465053,21.54065923,21.9317122,24.20743687,35.35533906,25.07987241,35.05709629,30,35,25.07987241,25.49509757,30.41381265,10,11.66190379,8.246211251,17.08800749,5,16.1245155,16.97056275,3.605551275,16.76305461,0,5,18.02775638,14.14213562,15.62049935,13,21.21320344,15.8113883,20.59126028,22.36067977,20.61552813,35.77708764,23.43074903,22.20360331,19.84943324,32.31098884,22.36067977,28.65309756,18.02775638,18.86796226,41.03656906,18.97366596,20.61552813,15.8113883,51,45.65084884,41.34005322,49.24428901,39.35733731,48.46648326,43.8634244,47.4341649,36.05551275,33.54101966,31.6227766,34.40930107,34.6554469,30.88689042,28.7923601,29.73213749,29.15475947,77.62087348,76.4852927,38.58756276,74.72616677,36.24913792,29.15475947,71.58910532,52.23983155,58.85575588,69.92138443,69.64194139,66.70832032,55.22680509,52.23983155,50.6359556,66.12110102,46.27094121,44.18144407,46.09772229,38.62641583,40.31128874,41.23105626,58.6003413,23.40939982,55.21775077,51.6139516,43.17406629,53.15072906,45.48626166,46.09772229,49.49747468,30.41381265,66.70832032
20.61552813,20.61552813,37.73592453,29.15475947,44.27188724,41.48493703,24.16609195,13.60147051,40.85339643,14.86606875,17,18.60107524,20.51828453,30.41381265,20.09975124,30.06659276,25,30,20.09975124,20.61552813,25.49509757,11.18033989,10.04987562,8.544003745,12.52996409,7.071067812,11.18033989,13.89244399,4.242640687,16,5,0,22.36067977,18.02775638,19.20937271,15.62049935,25,18.02775638,23.43074903,25,22.36067977,40.31128874,27.45906044,26.41968963,23.85372088,37,26.92582404,33.10589071,22.36067977,21.9317122,44.82186966,23.76972865,25.49509757,20.61552813,55.4616985,50.08991915,45.65084884,53.85164807,43.8634244,53.14132102,48.46648326,52.20153254,39.05124838,36.05551275,33.54101966,37.53664876,38.41874542,33.60059523,30.88689042,33.30165161,32.01562119,79.0569415,77.62087348,41.40048309,76.21679605,38.58756276,26.92582404,72.80109889,52.95280918,59.9082632,71.51223672,71.58910532,68.00735254,55,52,50.08991915,66.61080993,46,44.91102315,45.27692569,37.10795063,40,40.31128874,55.75840744,22.20360331,52.47856705,48.87739764,44.59820624,50,42.94182111,43.01162634,46.09772229,25.49509757,68.00735254
33.54101966,33.54101966,58,49.49747468,62.12889827,58.83026432,43.8634244,9.219544457,59.40538696,34.6554469,39.35733731,39.8246155,42.20189569,52.20153254,41.76122604,51.41984053,46.09772229,50.99019514,40.79215611,40.31128874,45.27692569,25,29,24.75883681,31.25699922,21.21320344,33.24154028,27.07397274,21.40093456,20.88061302,18.02775638,22.36067977,0,5,5.385164807,10.19803903,5,11.18033989,9.433981132,11.18033989,14.14213562,31.06444913,25.17935662,23.19482701,23,26.62705391,20.61552813,26,20,26.47640459,40.85339643,16.2788206,15.8113883,15,45.3431362,40.60788101,37.73592453,42.42640687,34.40930107,41.03656906,37.53664876,39.05124838,40.31128874,40,40.31128874,38.32753579,35.44009029,37,37.33630941,32.38826948,35,85.14693183,85,43.28972164,82.15229759,43,46.09772229,80,62.80127387,68.18357573,77.1621669,75.66372975,75,68.00735254,65.1459899,64.25729531,76.79192666,59.46427499,55.10898293,60.41522987,54.3783045,53.85164807,55.90169944,75.82216035,39.40812099,72.34638899,68.76772499,52.23983155,70.71067812,62.48199741,63.63961031,67.26812024,45.27692569,75
31.6227766,31.6227766,54.67174773,46.09772229,59.53990259,56.35601121,40.60788101,6.32455532,56.60388679,31.2409987,34.98571137,36.06937759,38.28837944,47.4341649,37,46.57252409,41.23105626,46.09772229,35.90264614,35.35533906,40.31128874,22.36067977,25.61249695,21.63330765,26.30589288,18.02775638,28.63564213,22.09072203,17.69180601,16.15549442,14.14213562,18.02775638,5,0,2,5.385164807,7.071067812,7.071067812,8,10,11.18033989,34.05877273,26.2488095,24.35159132,23.53720459,29.73213749,22.36067977,28.3019434,20.61552813,26,42.94182111,17.88854382,18.02775638,15.8113883,48.7954916,43.8634244,40.60788101,46.09772229,37.53664876,44.82186966,41.03656906,43.01162634,41.23105626,40.31128874,40,39.29376541,37.16180835,37.33630941,37,33.52610923,35.35533906,85.58621384,85.14693183,44.14748011,82.60750571,43.28972164,43.01162634,80.15609771,62.20128616,68,77.64663547,76.4852927,75.16648189,66.70832032,63.78871374,62.64183905,76.23647421,57.97413216,54.33231083,58.52349955,51.88448708,52.20153254,53.85164807,72.62231062,36.7151195,69.20260111,65.60487787,52,67.26812024,59.40538696,60.20797289,63.63961031,40.31128874,75.16648189
