0,18.68154169,20.61552813,16.1245155,18.11077028,15.13274595,19,16,18.11077028,20.09975124,16.76305461,19.6468827,38.07886553,30.8058436,39.35733731,36.05551275,40.31128874,33.30165161,35.35533906,39.05124838,10,10.19803903,12.16552506,13,15,15.13274595,15.8113883,17.11724277,17.72004515,20,20.61552813,33.54101966,31.6227766,33.52610923,32.38826948,38.07886553,35.35533906,39.29376541,41.23105626,40.31128874,20.61552813,18.68154169,19.31320792,16.55294536,21.54065923,22.36067977,20.59126028,18.02775638,23.32380758,19.20937271,22.8035085,25,21.21320344,45.17742799,40.04996879,35.05709629,45,35,45.04442252,35.05709629,45.27692569,22.36067977,18.02775638,14.14213562,21.54065923,12.80624847,16.55294536,12.20655562,20.61552813,15.8113883,58.52349955,57.00877125,23.85372088,55.71355311,19.84943324,15.8113883,52.20153254,52,50.28916384,51.07837116,51.4781507,47.4341649,35.35533906,32.38826948,31.04834939,29.73213749,26.47640459,25.49509757,26.92582404,24.35159132,20.61552813,22.36067977,44.20407221,43.01162634,40.60788101,37.20215048,36.05551275,40.31128874,30.8058436,33.54101966,38.07886553,23.85372088,52,35.35533906,36.05551275,17.11724277,23.32380758
18.68154169,0,2,3.605551275,3,4.242640687,5.099019514,5.385164807,7,7.280109889,10.19803903,10.04987562,26.2488095,24.04163056,28.60069929,27.73084925,30.23243292,27.89265136,30.8058436,32.31098884,23.43074903,21.9317122,23.34523506,21.40093456,26.90724809,25.61249695,23.85372088,27.20294102,25.55386468,30.8058436,28.17800561,48.10405388,44.82186966,46.40043103,43.56604182,51.85556865,46.14108798,51.31276644,53,50.53711507,39.29376541,37.36308338,37.94733192,35.11409973,40.16217126,40.85339643,39,36.24913792,41.62931659,37.12142239,40.70626487,42.94182111,38.58756276,63.00793601,58.07753438,53.08483776,63.19810124,53.23532662,63.38769597,53.46026562,63.78871374,38.32753579,33.37663854,28.44292531,38.11823711,28.16025568,33.06055051,28.0713377,38,33,62.80127387,59.9082632,38.83297568,60.44005295,33.95585369,3,55.80322571,57.38466694,54.20332093,56.63920903,58.72818744,51.85556865,32.69556545,29.96664813,26.92582404,24.35159132,24.69817807,23.85372088,21.54065923,20.59126028,19.84943324,17,27.80287755,26.2488095,24.41311123,20.80865205,19.20937271,22.6715681,14.76482306,15.62049935,19.72308292,38.83297568,57.38466694,46.14108798,19.20937271,27.20294102,41.62931659
20.61552813,2,0,5,3.605551275,5.830951895,5.099019514,6.403124237,7.280109889,7,10.77032961,10.04987562,25,23.53720459,27.45906044,26.92582404,29.15475947,27.45906044,30.41381265,31.6227766,25,23.43074903,24.75883681,22.6715681,28.28427125,26.90724809,25,28.42534081,26.62705391,32.01562119,29.15475947,49.49747468,46.09772229,47.63402146,44.65422712,53.15072906,47.16990566,52.43090692,54.08326913,51.4781507,41.23105626,39.29376541,39.84971769,37,42.05948169,42.72001873,40.85339643,38.07886553,43.46262762,38.91015292,42.48529157,44.72135955,40.31128874,65.00769185,60.07495318,55.08175742,65.19202405,55.22680509,65.37583651,55.4436651,65.76473219,40.31128874,35.35533906,30.41381265,40.11234224,30.14962686,35.05709629,30.06659276,40,35,64.03124237,61.03277808,40.79215611,61.7170965,35.90264614,5,57.00877125,58.72818744,55.4436651,58,60.20797289,53.15072906,33.54101966,30.88689042,27.73084925,25.07987241,25.8069758,25,22.36067977,21.63330765,21.21320344,18.02775638,26.62705391,25,23.32380758,19.72308292,18.02775638,21.21320344,13.92838828,14.14213562,18.02775638,40.79215611,58.72818744,47.16990566,18.02775638,28.42534081,43.46262762
16.1245155,3.605551275,5,0,2,1,3.605551275,2,4.472135955,5.656854249,7,7.615773106,25.49509757,21.9317122,27.58622845,26.07680962,29.06888371,25.63201124,28.46049894,30.41381265,20,18.43908891,19.79898987,17.80449381,23.34523506,22.02271555,20.24845673,23.60084744,21.9544984,27.20294102,24.59674775,44.55333882,41.23105626,42.80186912,39.96248241,48.27007354,42.54409477,47.70744177,49.39635614,46.95742753,36.67424164,34.71310992,35.17101079,32.28002478,37.36308338,37.94733192,36.05551275,33.24154028,38.62641583,34.0147027,37.57658846,39.81205847,35.35533906,61.03277808,56,51,61.03277808,51.03920062,61.13100686,51.15662225,61.40032573,36.87817783,32.01562119,27.20294102,36.49657518,26.68332813,31.40063694,26.47640459,36.12478374,31.144823,64.07027392,61.40032573,37.64306045,61.6116872,32.89376841,3.16227766,57.14017851,58.41232747,55.47071299,57.62811814,59.41380311,53.00943312,34.78505426,31.95309062,29.12043956,26.68332813,26.40075756,25.49509757,23.76972865,22.47220505,21.09502311,18.97366596,31.40063694,29.83286778,28.01785145,24.41311123,22.8035085,26.17250466,18.35755975,19.10497317,23.02172887,37.64306045,58.41232747,42.54409477,22.8035085,23.60084744,38.62641583
18.11077028,3,3.605551275,2,0,3,2.236067977,2.828427125,4,4.472135955,7.280109889,7.071067812,24.04163056,21.1896201,26.2488095,25.05992817,27.80287755,25,27.89265136,29.54657341,21.63330765,20,21.26029163,19.10497317,24.75883681,23.34523506,21.40093456,24.8394847,23.02172887,28.42534081,25.55386468,45.96737974,42.52058325,44.04543109,41.0487515,49.57822102,43.56604182,48.82622246,50.47771786,47.88527958,38.63935817,36.67424164,37.10795063,34.20526275,39.29376541,39.84971769,37.94733192,35.11409973,40.49691346,35.84689666,39.39543121,41.62931659,37.12142239,63.03173804,58,53,63.03173804,53.03772242,63.12685641,53.15072906,63.38769597,38.83297568,33.95585369,29.12043956,38.47076812,28.63564213,33.37663854,28.44292531,38.11823711,33.13608305,65.21502894,62.43396512,39.56008089,62.80127387,34.78505426,4.242640687,58.24946352,59.66573556,56.61271942,58.89821729,60.81118318,54.20332093,35.4682957,32.69556545,29.73213749,27.20294102,27.29468813,26.41968963,24.35159132,23.2594067,22.20360331,19.6977156,30.23243292,28.60069929,26.92582404,23.32380758,21.63330765,24.75883681,17.4642492,17.69180601,21.40093456,39.56008089,59.66573556,43.56604182,21.63330765,24.8394847,40.49691346
15.13274595,4.242640687,5.830951895,1,3,0,4.472135955,2.236067977,5,6.403124237,7.071067812,8.062257748,26.2488095,22.36067977,28.28427125,26.62705391,29.73213749,26,28.7923601,30.88689042,19.20937271,17.69180601,19.10497317,17.20465053,22.6715681,21.40093456,19.72308292,23.02172887,21.47091055,26.62705391,24.16609195,43.8634244,40.60788101,42.20189569,39.44616585,47.63402146,42.05948169,47.16990566,48.87739764,46.5188134,35.6931366,33.73425559,34.20526275,31.32091953,36.40054945,37,35.11409973,32.31098884,37.69615365,33.10589071,36.67424164,38.91015292,34.4818793,60.03332408,55,50,60.03332408,50.03998401,60.13318551,50.15974482,60.40695324,35.90264614,31.04834939,26.2488095,35.51056181,25.70992026,30.41381265,25.49509757,35.12833614,30.14962686,63.51377803,60.90155991,36.68787266,61.03277808,31.95309062,3,56.60388679,57.80138407,54.91812087,57.00877125,58.72818744,52.43090692,34.4818793,31.6227766,28.86173938,26.47640459,26,25.07987241,23.53720459,22.13594362,20.59126028,18.68154169,32.01562119,30.47950131,28.60069929,25,23.43074903,26.90724809,18.86796226,19.84943324,23.85372088,36.68787266,57.80138407,42.05948169,23.43074903,23.02172887,37.69615365
19,5.099019514,5.099019514,3.605551275,2.236067977,4.472135955,0,3,2.236067977,2.236067977,5.830951895,5,21.9317122,18.97366596,24.08318916,22.82542442,25.61249695,22.8035085,25.70992026,27.31300057,21.47091055,19.72308292,20.80865205,18.43908891,24.20743687,22.6715681,20.51828453,24.04163056,22.02271555,27.58622845,24.41311123,45.3431362,41.72529209,43.18564576,40,48.7954916,42.43819035,47.80167361,49.40647731,46.64761516,39.3192065,37.33630941,37.65634077,34.71310992,39.81205847,40.26164428,38.32753579,35.44009029,40.80441153,36.05551275,39.56008089,41.78516483,37.16180835,64.12487817,59.03388857,54.03702434,64,54,64.03124237,54.03702434,64.19501538,40.26164428,35.44009029,30.6757233,39.81205847,30.08321791,34.71310992,29.83286778,39.3192065,34.36568055,67.42403132,64.66065264,41.10960958,65,36.40054945,6.403124237,60.46486583,61.84658438,58.82176468,61.07372594,62.93647591,56.40035461,37.69615365,34.92849839,31.95309062,29.41088234,29.52964612,28.65309756,26.57066051,25.49509757,24.41311123,21.9317122,31.38470965,29.68164416,28.17800561,24.59674775,22.82542442,25.61249695,18.97366596,18.60107524,21.9317122,41.10960958,61.84658438,42.43819035,22.82542442,24.04163056,40.80441153
16,5.385164807,6.403124237,2,2.828427125,2.236067977,3,0,2.828427125,4.472135955,5,5.830951895,24.20743687,20.1246118,26.17250466,24.41311123,27.58622845,23.76972865,26.57066051,28.65309756,18.86796226,17.20465053,18.43908891,16.2788206,21.9317122,20.51828453,18.60107524,22.02271555,20.24845673,25.61249695,22.82542442,43.13930922,39.69886648,41.23105626,38.27531842,46.75467891,40.81666326,46.04345773,47.70744177,45.17742799,36.34556369,34.36568055,34.71310992,31.78049716,36.87817783,37.36308338,35.44009029,32.57299495,37.94733192,33.24154028,36.76955262,39,34.43835072,61.13100686,56.0357029,51.03920062,61,51,61.03277808,51.03920062,61.20457499,37.36308338,32.57299495,27.85677655,36.87817783,27.20294102,31.78049716,26.92582404,36.34556369,31.40063694,65.73431372,63.13477647,38.27531842,63.2455532,33.61547263,5.099019514,58.83026432,60,57.14017851,59.20304046,60.87692502,54.64430437,36.68787266,33.83784863,31.04834939,28.63564213,28.23118843,27.31300057,25.70992026,24.35159132,22.82542442,20.88061302,33.01514804,31.40063694,29.68164416,26.07680962,24.41311123,27.58622845,20.1246118,20.51828453,24.20743687,38.27531842,60,40.81666326,24.41311123,22.02271555,37.94733192
18.11077028,7,7.280109889,4.472135955,4,5,2.236067977,2.828427125,0,2,3.605551275,3.16227766,21.40093456,17.4642492,23.34523506,21.63330765,24.75883681,21.1896201,24.04163056,25.94224354,19.6977156,17.88854382,18.86796226,16.40121947,22.20360331,20.61552813,18.38477631,21.9317122,19.84943324,25.45584412,22.20360331,43.27817002,39.59797975,41.03656906,37.80211634,46.66904756,40.22437072,45.607017,47.20169488,44.41846463,38.11823711,36.12478374,36.34556369,33.37663854,38.47076812,38.83297568,36.87817783,33.95585369,39.29376541,34.4818793,37.94733192,40.16217126,35.4682957,63.28506933,58.13776741,53.15072906,63.03173804,53.03772242,63,53,63.07138812,39.84971769,35.11409973,30.46309242,39.29376541,29.73213749,34.20526275,29.41088234,38.63935817,33.73425559,68.50547423,65.8634952,40.85339643,66.03029608,36.24913792,7.615773106,61.58733636,62.80127387,59.9082632,62.00806399,63.70243323,57.42821606,39.2173431,36.40054945,33.52610923,31.04834939,30.87069808,29.96664813,28.16025568,26.92582404,25.55386468,23.40939982,33.61547263,31.90611227,30.41381265,26.83281573,25.05992817,27.80287755,21.1896201,20.80865205,24.04163056,40.85339643,62.80127387,40.22437072,25.05992817,21.9317122,39.29376541
20.09975124,7.280109889,7,5.656854249,4.472135955,6.403124237,2.236067977,4.472135955,2,0,5,3.16227766,19.84943324,16.76305461,21.9317122,20.59126028,23.43074903,20.61552813,23.53720459,25.07987241,21.54065923,19.6977156,20.59126028,18.02775638,23.85372088,22.20360331,19.84943324,23.43074903,21.21320344,26.90724809,23.43074903,44.82186966,41.03656906,42.42640687,39.05124838,48.10405388,41.40048309,46.86149806,48.41487375,45.48626166,40.11234224,38.11823711,38.32753579,35.35533906,40.44749683,40.79215611,38.83297568,35.90264614,41.23105626,36.40054945,39.84971769,42.05948169,37.33630941,65.27633568,60.13318551,55.14526272,65.03076195,55.03635162,65,55,65.06919394,41.76122604,37,32.31098884,41.23105626,31.6227766,36.138622,31.32091953,40.60788101,35.6931366,69.63476143,66.88796603,42.72001873,67.20119047,38.07886553,8.602325267,62.68173578,64.03124237,61.03277808,63.2534584,65.06919394,58.6003413,39.92492956,37.16180835,34.17601498,31.6227766,31.76476035,30.88689042,28.7923601,27.73084925,26.62705391,24.16609195,32.64965543,30.88689042,29.54657341,26,24.16609195,26.62705391,20.61552813,19.72308292,22.6715681,42.72001873,64.03124237,41.40048309,24.16609195,23.43074903,41.23105626
16.76305461,10.19803903,10.77032961,7,7.280109889,7.071067812,5.830951895,5,3.605551275,5,0,3,21.47091055,15.8113883,23.02172887,20.51828453,24.20743687,19.23538406,21.9317122,24.41311123,16.76305461,14.86606875,15.65247584,13.03840481,18.86796226,17.20465053,14.86606875,18.43908891,16.2788206,21.9317122,18.60107524,39.8246155,36.06937759,37.48332963,34.20526275,43.13930922,36.61966685,42.01190308,43.60045871,40.81666326,36,34,34.05877273,31.06444913,36.12478374,36.34556369,34.36568055,31.40063694,36.67424164,31.78049716,35.17101079,37.36308338,32.57299495,61.66036004,56.43580424,51.4781507,61.20457499,51.2445119,61.07372594,51.0881591,61,39,34.43835072,30.01666204,38.27531842,29.06888371,33.24154028,28.63564213,37.36308338,32.57299495,69.97142274,67.53517602,40.24922359,67.41661516,35.84689666,10.04987562,63.13477647,64.07027392,61.40032573,63.2455532,64.66065264,58.83026432,41.48493703,38.60051813,35.90264614,33.54101966,32.89376841,31.95309062,30.59411708,29.12043956,27.31300057,25.70992026,37.21558813,35.51056181,34,30.41381265,28.65309756,31.40063694,24.69817807,24.41311123,27.58622845,40.24922359,64.07027392,36.61966685,28.65309756,18.43908891,36.67424164
19.6468827,10.04987562,10.04987562,7.615773106,7.071067812,8.062257748,5,5.830951895,3.16227766,3.16227766,3,0,18.86796226,14.31782106,20.61552813,18.60107524,21.9317122,18.02775638,20.88061302,22.82542442,19.6468827,17.72004515,18.38477631,15.65247584,21.47091055,19.72308292,17.20465053,20.80865205,18.43908891,24.20743687,20.51828453,42.20189569,38.28837944,39.62322551,36.12478374,45.3431362,38.41874542,43.93176527,45.45327271,42.43819035,39,37,37.05401463,34.05877273,39.11521443,39.3192065,37.33630941,34.36568055,39.62322551,34.71310992,38.07886553,40.26164428,35.44009029,64.62971453,59.41380311,54.45181356,64.19501538,54.23098745,64.07027392,54.08326913,64,41.78516483,37.16180835,32.64965543,41.10960958,31.78049716,36.05551275,31.38470965,40.26164428,35.44009029,71.56116265,68.9637586,42.95346319,69.0651866,38.47076812,10.77032961,64.66065264,65.80273551,62.96824597,65,66.60330322,60.46486583,42.3792402,39.56008089,36.68787266,34.20526275,34.0147027,33.10589071,31.32091953,30.08321791,28.65309756,26.57066051,35.77708764,34,32.69556545,29.15475947,27.31300057,29.68164416,23.76972865,22.82542442,25.61249695,42.95346319,65.80273551,38.41874542,27.31300057,20.80865205,39.62322551
38.07886553,26.2488095,25,25.49509757,24.04163056,26.2488095,21.9317122,24.20743687,21.40093456,19.84943324,21.47091055,18.86796226,0,10.44030651,3,7.071067812,5,12.20655562,14.14213562,11.18033989,35.35533906,33.37663854,33.13608305,30.14962686,35,33,30,33.06055051,30.06659276,35.35533906,30.41381265,52.20153254,47.4341649,48.10405388,43.46262762,53.85164807,44.72135955,50.53711507,51.4781507,47.16990566,55.90169944,53.93514624,53.60037313,50.6359556,55.4436651,55.22680509,53.23532662,50.24937811,55.08175742,50.08991915,53.00943312,55,50,82.22530024,76.90253572,72.03471385,81.39410298,71.58910532,81.04936767,71.19691005,80.62257748,60.41522987,55.90169944,51.4781507,59.61543424,50.53711507,54.62600113,50.08991915,58.52349955,53.85164807,89.02246907,86.02325267,61.7170965,86.68333173,57.30619513,28.28427125,82.00609733,83.63013811,80.43009387,82.8794305,84.85281374,78.10249676,58.30951895,55.75840744,52.47856705,49.73932046,50.80354318,50,47.16990566,46.61544808,46.09772229,43.01162634,42,40,40.11234224,37.33630941,35.35533906,35,34.4818793,30.41381265,30,61.7170965,83.63013811,44.72135955,35.35533906,33.06055051,55.08175742
30.8058436,24.04163056,23.53720459,21.9317122,21.1896201,22.36067977,18.97366596,20.1246118,17.4642492,16.76305461,15.8113883,14.31782106,10.44030651,0,10,5.385164807,10.19803903,4,7,8.602325267,26.2488095,24.35159132,23.76972865,20.88061302,25.17935662,23.19482701,20.22374842,23.02172887,20.02498439,25.07987241,20.09975124,41.76122604,37,37.69615365,33.10589071,43.46262762,34.4818793,40.31128874,41.34005322,37.20215048,46.84015371,44.92215489,44.38468204,41.48493703,46.09772229,45.70557953,43.73785546,40.79215611,45.39823785,40.44749683,43.18564576,45.09988914,40.11234224,73.37574531,68.00735254,63.2455532,72.277244,62.64183905,71.80529228,62.09669879,71.19691005,53,48.82622246,44.82186966,51.97114584,43.60045871,47.16990566,43.01162634,50.53711507,46.14108798,85.7554663,83.24061509,54.64430437,83.21658489,50.60632372,25.07987241,78.89233169,79.88116173,77.17512553,79.0569415,80.43009387,74.62573283,56.64803615,53.85164807,50.92150823,48.38388161,48.33218389,47.42362281,45.54119015,44.38468204,42.94182111,40.85339643,46.09772229,44.14748011,43.56604182,40.31128874,38.32753579,39.29376541,36,33.37663854,34.4818793,54.64430437,79.88116173,34.4818793,38.32753579,23.02172887,45.39823785
39.35733731,28.60069929,27.45906044,27.58622845,26.2488095,28.28427125,24.08318916,26.17250466,23.34523506,21.9317122,23.02172887,20.61552813,3,10,0,5.385164807,2,10.77032961,12.20655562,8.602325267,35.90264614,33.95585369,33.54101966,30.59411708,35.12833614,33.13608305,30.14962686,33.01514804,30.01666204,35.05709629,30.06659276,51.41984053,46.57252409,47.12748667,42.3792402,52.81098371,43.46262762,49.24428901,50.08991915,45.65084884,56.5154846,54.5710546,54.12947441,51.19570294,55.90169944,55.57877293,53.60037313,50.6359556,55.32630477,50.35871325,53.15072906,55.08175742,50.08991915,82.96987405,77.62087348,72.80109889,82,72.277244,81.58431222,71.80529228,81.04936767,61.7170965,57.30619513,53,60.8358447,51.97114584,55.90169944,51.4781507,59.61543424,55.03635162,91.40021882,88.48163651,63.13477647,89.02246907,58.83026432,30.47950131,84.40379138,85.91274643,82.80096618,85.14693183,87,80.43009387,60.90155991,58.30951895,55.07267925,52.35456045,53.25410782,52.43090692,49.73932046,49.09175083,48.41487375,45.48626166,45,43,43.10452412,40.31128874,38.32753579,38,37.36308338,33.37663854,33,63.13477647,85.91274643,43.46262762,38.32753579,33.01514804,55.32630477
36.05551275,27.73084925,26.92582404,26.07680962,25.05992817,26.62705391,22.82542442,24.41311123,21.63330765,20.59126028,20.51828453,18.60107524,7.071067812,5.385164807,5.385164807,0,5,5.385164807,7.071067812,5,31.6227766,29.73213749,29.12043956,26.2488095,30.41381265,28.44292531,25.49509757,28.16025568,25.17935662,30,25,46.09772229,41.23105626,41.76122604,37,47.4341649,38.07886553,43.8634244,44.72135955,40.31128874,52.20153254,50.28916384,49.72926704,46.84015371,51.41984053,50.99019514,49.03060269,46.09772229,50.6359556,45.70557953,48.37354649,50.24937811,45.27692569,78.74642849,73.37574531,68.62215386,77.62087348,68.00735254,77.12976079,67.44627492,76.4852927,58.30951895,54.08326913,50,57.30619513,48.82622246,52.47856705,48.25971405,55.90169944,51.4781507,90.13878189,87.46427842,59.9082632,87.658428,55.80322571,29.15475947,83.21658489,84.40379138,81.54140053,83.60023923,85.14693183,79.0569415,60.41522987,57.69748695,54.62600113,52,52.35456045,51.4781507,49.24428901,48.3011387,47.16990566,44.72135955,47.26520919,45.27692569,45.04442252,42,40,40.31128874,38.32753579,35,35.35533906,59.9082632,84.40379138,38.07886553,40,28.16025568,50.6359556
40.31128874,30.23243292,29.15475947,29.06888371,27.80287755,29.73213749,25.61249695,27.58622845,24.75883681,23.43074903,24.20743687,21.9317122,5,10.19803903,2,5,0,10.19803903,11.18033989,7.071067812,36.40054945,34.4818793,33.95585369,31.04834939,35.35533906,33.37663854,30.41381265,33.13608305,30.14962686,35,30,50.99019514,46.09772229,46.57252409,41.76122604,52.20153254,42.72001873,48.46648326,49.24428901,44.72135955,57.00877125,55.08175742,54.5710546,51.66236541,56.29387178,55.90169944,53.93514624,50.99019514,55.57877293,50.6359556,53.33854141,55.22680509,50.24937811,83.52245207,78.16009212,73.37574531,82.46211251,72.80109889,82,72.277244,81.39410298,62.64982043,58.30951895,54.08326913,61.7170965,53,56.82429058,52.47856705,60.41522987,55.90169944,93.00537619,90.13878189,64.14047084,90.60353194,59.9082632,32.01562119,86.02325267,87.45856162,84.40379138,86.68333173,88.45903006,82.00609733,62.64982043,60.03332408,56.82429058,54.12023651,54.91812087,54.08326913,51.4781507,50.7740091,50,47.16990566,47,45,45.09988914,42.29657197,40.31128874,40,39.29376541,35.35533906,35,64.14047084,87.45856162,42.72001873,40.31128874,33.13608305,55.57877293
33.30165161,27.89265136,27.45906044,25.63201124,25,26,22.8035085,23.76972865,21.1896201,20.61552813,19.23538406,18.02775638,12.20655562,4,10.77032961,5.385164807,10.19803903,0,3,5.830951895,27.73084925,25.94224354,25.07987241,22.36067977,25.96150997,24.04163056,21.1896201,23.53720459,20.61552813,25.07987241,20.09975124,40.79215611,35.90264614,36.40054945,31.6227766,42.05948169,32.69556545,38.48376281,39.35733731,34.98571137,48.10405388,46.23851209,45.54119015,42.72001873,47.12748667,46.57252409,44.64302857,41.76122604,46.09772229,41.23105626,43.73785546,45.54119015,40.60788101,74.67261881,69.28924881,64.62197769,73.37574531,63.90618123,72.80109889,63.2455532,72.03471385,55.21775077,51.2249939,47.42362281,54.08326913,46.09772229,49.40647731,45.45327271,52.47856705,48.25971405,89.18520057,86.76981042,57.00877125,86.60831369,53.15072906,28.7923601,82.36504113,83.21658489,80.62257748,82.37718131,83.60023923,78.0320447,60.40695324,57.5847202,54.70831747,52.20153254,52,51.07837116,49.33558553,48.10405388,46.5188134,44.59820624,50.009999,48.05205511,47.51841748,44.28317965,42.29657197,43.17406629,40,37.33630941,38.32753579,57.00877125,83.21658489,32.69556545,42.29657197,23.53720459,46.09772229
35.35533906,30.8058436,30.41381265,28.46049894,27.89265136,28.7923601,25.70992026,26.57066051,24.04163056,23.53720459,21.9317122,20.88061302,14.14213562,7,12.20655562,7.071067812,11.18033989,3,0,5,29.15475947,27.45906044,26.41968963,23.85372088,26.92582404,25.07987241,22.36067977,24.35159132,21.54065923,25.49509757,20.61552813,40.31128874,35.35533906,35.6931366,30.8058436,41.23105626,31.6227766,37.33630941,38.07886553,33.54101966,49.24428901,47.42362281,46.61544808,43.8634244,48.10405388,47.4341649,45.54119015,42.72001873,46.84015371,42.05948169,44.38468204,46.09772229,41.23105626,75.76938696,70.38465742,65.7951366,74.33034374,65,73.68174808,64.25729531,72.80109889,57.00877125,53.15072906,49.49747468,55.80322571,48.10405388,51.2249939,47.42362281,54.08326913,50,91.78779875,89.4427191,58.89821729,89.18520057,55.1724569,31.6227766,85,85.7554663,83.24061509,84.90583019,86.02325267,80.62257748,63.2455532,60.40695324,57.56735186,55.08175742,54.7813837,53.85164807,52.20153254,50.92150823,49.24428901,47.4341649,52.95280918,50.99019514,50.48762225,47.26520919,45.27692569,46.09772229,43,40.31128874,41.23105626,58.89821729,85.7554663,31.6227766,45.27692569,24.35159132,46.84015371
39.05124838,32.31098884,31.6227766,30.41381265,29.54657341,30.88689042,27.31300057,28.65309756,25.94224354,25.07987241,24.41311123,22.82542442,11.18033989,8.602325267,8.602325267,5,7.071067812,5.830951895,5,0,33.54101966,31.76476035,30.87069808,28.17800561,31.6227766,29.73213749,26.92582404,29.12043956,26.2488095,30.41381265,25.49509757,45.27692569,40.31128874,40.60788101,35.6931366,46.09772229,36.40054945,42.05948169,42.72001873,38.07886553,53.85164807,52,51.26402247,48.46648326,52.81098371,52.20153254,50.28916384,47.4341649,51.66236541,46.84015371,49.24428901,50.99019514,46.09772229,80.41144197,75.02666193,70.38465742,79.0569415,69.64194139,78.44743463,68.9492567,77.62087348,61.03277808,57.00877125,53.15072906,59.9082632,51.85556865,55.21775077,51.2249939,58.30951895,54.08326913,94.33981132,91.78779875,62.80127387,91.80958556,58.89821729,33.54101966,87.46427842,88.48163651,85.7554663,87.658428,89.02246907,83.21658489,65,62.24146528,59.23681288,56.64803615,56.79788728,55.90169944,53.85164807,52.80151513,51.4781507,49.24428901,52.23983155,50.24937811,50.03998401,47,45,45.27692569,43.28972164,40,40.31128874,62.80127387,88.48163651,36.40054945,45,29.12043956,51.66236541
10,23.43074903,25,20,21.63330765,19.20937271,21.47091055,18.86796226,19.6977156,21.54065923,16.76305461,19.6468827,35.35533906,26.2488095,35.90264614,31.6227766,36.40054945,27.73084925,29.15475947,33.54101966,0,2,2.828427125,5.385164807,5,5.385164807,7.071067812,7.280109889,8.602325267,10,11.18033989,25,22.36067977,24.16609195,22.56102835,29.15475947,25.49509757,29.73213749,31.6227766,30.41381265,20.61552813,18.68154169,18.24828759,15.29705854,20.09975124,20,18,15,20.09975124,15.13274595,18.43908891,20.61552813,15.8113883,47.12748667,41.76122604,37,46.09772229,36.40054945,45.70557953,35.90264614,45.27692569,28.28427125,25,22.36067977,26.90724809,20.59126028,22.6715681,19.72308292,25,21.21320344,68.00735254,66.70832032,30.47950131,65.1459899,27.45906044,21.21320344,61.84658438,61.3514466,59.9082632,60.40695324,60.41522987,57.00877125,45.27692569,42.29657197,40.79215611,39.29376541,36.34556369,35.35533906,36.40054945,33.95585369,30.41381265,31.6227766,50.93132631,49.49747468,47.42362281,43.8634244,42.42640687,46.09772229,37.53664876,39.05124838,43.01162634,30.47950131,61.3514466,25.49509757,42.42640687,7.280109889,20.09975124
10.19803903,21.9317122,23.43074903,18.43908891,20,17.69180601,19.72308292,17.20465053,17.88854382,19.6977156,14.86606875,17.72004515,33.37663854,24.35159132,33.95585369,29.73213749,34.4818793,25.94224354,27.45906044,31.76476035,2,0,2,3.605551275,5.385164807,5,5.830951895,7,7.615773106,10.19803903,10.44030651,26.2488095,23.32380758,25.05992817,23.08679276,30.23243292,25.96150997,30.46309242,32.31098884,30.8058436,22.56102835,20.61552813,20.22374842,17.2626765,22.09072203,22,20,17,22.09072203,17.11724277,20.39607805,22.56102835,17.72004515,49.04079934,43.68065934,38.89730068,48.05205511,38.32753579,47.67598976,37.85498646,47.26520919,29.73213749,26.2488095,23.32380758,28.42534081,21.63330765,24.04163056,20.80865205,26.62705391,22.6715681,68.62215386,67.18630813,31.82766093,65.78753681,28.60069929,19.84943324,62.36184731,62.03224968,60.44005295,61.09828148,61.26989473,57.56735186,45.09988914,42.10700654,40.44749683,38.83297568,36.12478374,35.12833614,35.90264614,33.54101966,30.14962686,31.04834939,49.57822102,48.10405388,46.09772229,42.52058325,41.03656906,44.59820624,36.23534186,37.53664876,41.40048309,31.82766093,62.03224968,25.96150997,41.03656906,7,22.09072203
12.16552506,23.34523506,24.75883681,19.79898987,21.26029163,19.10497317,20.80865205,18.43908891,18.86796226,20.59126028,15.65247584,18.38477631,33.13608305,23.76972865,33.54101966,29.12043956,33.95585369,25.07987241,26.41968963,30.87069808,2.828427125,2,0,3,3.605551275,3,4.242640687,5,5.830951895,8.246211251,8.544003745,24.75883681,21.63330765,23.32380758,21.1896201,28.60069929,24.04163056,28.63564213,30.46309242,28.86173938,23.08679276,21.1896201,20.61552813,17.72004515,22.36067977,22.09072203,20.09975124,17.11724277,22,17,20.09975124,22.20360331,17.2626765,49.64876635,44.27188724,39.56008089,48.50773134,38.89730068,48.05205511,38.32753579,47.51841748,31.11269837,27.80287755,25.05992817,29.73213749,23.32380758,25.49509757,22.47220505,27.80287755,24.04163056,70.51950085,69.12307864,33.30165161,67.67569726,30.23243292,21.40093456,64.28841264,63.90618123,62.36184731,62.96824597,63.07138812,59.48108943,47.09564736,44.10215414,42.42640687,40.79215611,38.11823711,37.12142239,37.85498646,35.51056181,32.14031736,32.984845,51.0881591,49.57822102,47.63402146,44.04543109,42.52058325,45.96737974,37.80211634,38.89730068,42.63801121,33.30165161,63.90618123,24.04163056,42.52058325,5,22
13,21.40093456,22.6715681,17.80449381,19.10497317,17.20465053,18.43908891,16.2788206,16.40121947,18.02775638,13.03840481,15.65247584,30.14962686,20.88061302,30.59411708,26.2488095,31.04834939,22.36067977,23.85372088,28.17800561,5.385164807,3.605551275,3,0,5.830951895,4.242640687,3,5.830951895,5,9.433981132,8,26.90724809,23.43074903,25,22.36067977,30.47950131,25.07987241,30.01666204,31.76476035,29.73213749,25.96150997,24.04163056,23.53720459,20.61552813,25.3179778,25.07987241,23.08679276,20.09975124,25,20,23.08679276,25.17935662,20.22374842,52.49761899,47.12748667,42.3792402,51.41984053,41.76122604,50.99019514,41.23105626,50.48762225,33.30165161,29.73213749,26.62705391,32.01562119,25,27.58622845,24.20743687,30.23243292,26.2488095,71.51223672,69.92138443,35.35533906,68.70953355,32.01562119,19.72308292,65.1459899,65,63.2455532,64.07807737,64.41273166,60.40695324,47,44,42.10700654,40.31128874,38,37,37.33630941,35.12833614,32,32.38826948,49.2036584,47.63402146,45.80392996,42.20189569,40.60788101,43.8634244,36.05551275,36.79673899,40.36087214,35.35533906,65,25.07987241,40.60788101,5.830951895,25
15,26.90724809,28.28427125,23.34523506,24.75883681,22.6715681,24.20743687,21.9317122,22.20360331,23.85372088,18.86796226,21.47091055,35,25.17935662,35.12833614,30.41381265,35.35533906,25.96150997,26.92582404,31.6227766,5,5.385164807,3.605551275,5.830951895,0,2,5,2.828427125,5.385164807,5,7.071067812,21.21320344,18.02775638,19.72308292,17.72004515,25,20.61552813,25.07987241,26.92582404,25.49509757,22.36067977,20.59126028,19.6977156,17,21.1896201,20.61552813,18.68154169,15.8113883,20.22374842,15.29705854,18.02775638,20,15,48.84669897,43.46262762,38.91015292,47.4341649,38.07886553,46.84015371,37.33630941,46.09772229,32.01562119,29.15475947,26.92582404,30.47950131,25.07987241,26.62705391,24.16609195,28.28427125,25,72.80109889,71.58910532,34.40930107,69.92138443,31.76476035,25,66.70832032,66.09841148,64.76109943,65.1459899,65,61.84658438,50.24937811,47.26520919,45.70557953,44.14748011,41.30375286,40.31128874,41.23105626,38.83297568,35.35533906,36.40054945,54.67174773,53.15072906,51.2249939,47.63402146,46.09772229,49.49747468,41.40048309,42.42640687,46.09772229,34.40930107,66.09841148,20.61552813,46.09772229,2.828427125,20.22374842
15.13274595,25.61249695,26.90724809,22.02271555,23.34523506,21.40093456,22.6715681,20.51828453,20.61552813,22.20360331,17.20465053,19.72308292,33,23.19482701,33.13608305,28.44292531,33.37663854,24.04163056,25.07987241,29.73213749,5.385164807,5,3,4.242640687,2,0,3,2,3.605551275,5.385164807,5.830951895,22.6715681,19.20937271,20.80865205,18.38477631,26.2488095,21.1896201,25.94224354,27.73084925,25.96150997,24.16609195,22.36067977,21.54065923,18.78829423,23.08679276,22.56102835,20.61552813,17.72004515,22.20360331,17.2626765,20.02498439,22,17,50.69516742,45.31004304,40.71854614,49.33558553,39.92492956,48.76474136,39.2173431,48.05205511,33.30165161,30.23243292,27.73084925,31.82766093,25.94224354,27.80287755,25.05992817,29.73213749,26.2488095,73.37574531,72.03471385,35.60898763,70.51950085,32.75667871,23.85372088,67.18630813,66.73080248,65.2533524,65.78753681,65.7951366,62.36184731,50.08991915,47.09564736,45.39823785,43.73785546,41.10960958,40.11234224,40.79215611,38.47076812,35.12833614,35.90264614,53.41348144,51.85556865,50,46.40043103,44.82186966,48.10405388,40.22437072,41.03656906,44.59820624,35.60898763,66.73080248,21.1896201,44.82186966,2,22.20360331
15.8113883,23.85372088,25,20.24845673,21.40093456,19.72308292,20.51828453,18.60107524,18.38477631,19.84943324,14.86606875,17.20465053,30,20.22374842,30.14962686,25.49509757,30.41381265,21.1896201,22.36067977,26.92582404,7.071067812,5.830951895,4.242640687,3,5,3,0,3.605551275,2,7.071067812,5,25,21.21320344,22.6715681,19.72308292,28.28427125,22.36067977,27.45906044,29.15475947,26.92582404,26.92582404,25.07987241,24.35159132,21.54065923,25.96150997,25.49509757,23.53720459,20.61552813,25.17935662,20.22374842,23.02172887,25,20,53.48831648,48.10405388,43.46262762,52.20153254,42.72001873,51.66236541,42.05948169,50.99019514,35.35533906,32.01562119,29.15475947,33.9705755,27.45906044,29.73213749,26.62705391,32.01562119,28.28427125,74.33034374,72.80109889,37.53664876,71.51223672,34.40930107,22.36067977,68.00735254,67.77905281,66.09841148,66.85057965,67.08203932,63.2455532,50,47,45.09988914,43.28972164,41,40,40.31128874,38.11823711,35,35.35533906,51.6139516,50,48.25971405,44.65422712,43.01162634,46.09772229,38.58756276,39.05124838,42.42640687,37.53664876,67.77905281,22.36067977,43.01162634,3.605551275,25.17935662
17.11724277,27.20294102,28.42534081,23.60084744,24.8394847,23.02172887,24.04163056,22.02271555,21.9317122,23.43074903,18.43908891,20.80865205,33.06055051,23.02172887,33.01514804,28.16025568,33.13608305,23.53720459,24.35159132,29.12043956,7.280109889,7,5,5.830951895,2.828427125,2,3.605551275,0,3,3.605551275,4.242640687,21.40093456,17.69180601,19.20937271,16.55294536,24.75883681,19.31320792,24.18677324,25.94224354,24.04163056,25.05992817,23.32380758,22.36067977,19.72308292,23.76972865,23.08679276,21.1896201,18.38477631,22.56102835,17.72004515,20.22374842,22.09072203,17.11724277,51.4781507,46.09772229,41.59326869,49.979996,40.71854614,49.33558553,39.92492956,48.50773134,34.82814953,31.90611227,29.54657341,33.30165161,27.73084925,29.41088234,26.83281573,31.11269837,27.80287755,75.2861209,73.97972695,37.20215048,72.42237223,34.4818793,25.55386468,69.12307864,68.62215386,67.18630813,67.67569726,67.62396025,64.28841264,52.08646657,49.09175083,47.38143096,45.70557953,43.10452412,42.10700654,42.75511665,40.44749683,37.12142239,37.85498646,55,53.41348144,51.6139516,48.01041554,46.40043103,49.57822102,41.88078318,42.52058325,45.96737974,37.20215048,68.62215386,19.31320792,46.40043103,0,22.56102835
17.72004515,25.55386468,26.62705391,21.9544984,23.02172887,21.47091055,22.02271555,20.24845673,19.84943324,21.21320344,16.2788206,18.43908891,30.06659276,20.02498439,30.01666204,25.17935662,30.14962686,20.61552813,21.54065923,26.2488095,8.602325267,7.615773106,5.830951895,5,5.385164807,3.605551275,2,3,0,5.830951895,3,23.85372088,19.84943324,21.21320344,18.02775638,26.90724809,20.59126028,25.8069758,27.45906044,25.07987241,27.73084925,25.94224354,25.07987241,22.36067977,26.57066051,25.96150997,24.04163056,21.1896201,25.49509757,20.61552813,23.19482701,25.07987241,20.09975124,54.23098745,48.84669897,44.28317965,52.81098371,43.46262762,52.20153254,42.72001873,51.41984053,36.79673899,33.60059523,30.88689042,35.35533906,29.15475947,31.2409987,28.3019434,33.30165161,29.73213749,76.21679605,74.72616677,39.05124838,73.38937253,36.05551275,24.16609195,69.92138443,69.64194139,68.00735254,68.70953355,68.87670143,65.1459899,52,49,47.09564736,45.27692569,43,42,42.29657197,40.11234224,37,37.33630941,53.25410782,51.6139516,49.92995093,46.32493929,44.65422712,47.63402146,40.31128874,40.60788101,43.8634244,39.05124838,69.64194139,20.59126028,44.65422712,3,25.49509757
20,30.8058436,32.01562119,27.20294102,28.42534081,26.62705391,27.58622845,25.61249695,25.45584412,26.90724809,21.9317122,24.20743687,35.35533906,25.07987241,35.05709629,30,35,25.07987241,25.49509757,30.41381265,10,10.19803903,8.246211251,9.433981132,5,5.385164807,7.071067812,3.605551275,5.830951895,0,5,18.02775638,14.14213562,15.62049935,13,21.21320344,15.8113883,20.59126028,22.36067977,20.61552813,25,23.43074903,22.20360331,19.84943324,23.32380758,22.36067977,20.59126028,18.02775638,21.54065923,17,18.97366596,20.61552813,15.8113883,51,45.65084884,41.34005322,49.24428901,40.31128874,48.46648326,39.35733731,47.4341649,36.05551275,33.54101966,31.6227766,34.40930107,29.73213749,30.88689042,28.7923601,32.01562119,29.15475947,77.62087348,76.4852927,38.58756276,74.72616677,36.24913792,29.15475947,71.58910532,70.88018059,69.63476143,69.92138443,69.64194139,66.70832032,55.22680509,52.23983155,50.6359556,49.03060269,46.27094121,45.27692569,46.09772229,43.73785546,40.31128874,41.23105626,58.6003413,57.00877125,55.21775077,51.6139516,50,53.15072906,45.48626166,46.09772229,49.49747468,38.58756276,70.88018059,15.8113883,50,3.605551275,21.54065923
20.61552813,28.17800561,29.15475947,24.59674775,25.55386468,24.16609195,24.41311123,22.82542442,22.20360331,23.43074903,18.60107524,20.51828453,30.41381265,20.09975124,30.06659276,25,30,20.09975124,20.61552813,25.49509757,11.18033989,10.44030651,8.544003745,8,7.071067812,5.830951895,5,4.242640687,3,5,0,22.36067977,18.02775638,19.20937271,15.62049935,25,18.02775638,23.43074903,25,22.36067977,29.15475947,27.45906044,26.41968963,23.85372088,27.73084925,26.92582404,25.07987241,22.36067977,26.2488095,21.54065923,23.76972865,25.49509757,20.61552813,55.4616985,50.08991915,45.65084884,53.85164807,44.72135955,53.14132102,43.8634244,52.20153254,39.05124838,36.05551275,33.54101966,37.53664876,31.76476035,33.60059523,30.88689042,35.35533906,32.01562119,79.0569415,77.62087348,41.40048309,76.21679605,38.58756276,26.92582404,72.80109889,72.44998275,70.88018059,71.51223672,71.58910532,68.00735254,55,52,50.08991915,48.25971405,46,45,45.27692569,43.10452412,40,40.31128874,55.75840744,54.08326913,52.47856705,48.87739764,47.16990566,50,42.94182111,43.01162634,46.09772229,41.40048309,72.44998275,18.02775638,47.16990566,4.242640687,26.2488095
33.54101966,48.10405388,49.49747468,44.55333882,45.96737974,43.8634244,45.3431362,43.13930922,43.27817002,44.82186966,39.8246155,42.20189569,52.20153254,41.76122604,51.41984053,46.09772229,50.99019514,40.79215611,40.31128874,45.27692569,25,26.2488095,24.75883681,26.90724809,21.21320344,22.6715681,25,21.40093456,23.85372088,18.02775638,22.36067977,0,5,5.385164807,10.19803903,5,11.18033989,9.433981132,11.18033989,14.14213562,25.49509757,25.17935662,23.19482701,23,22.56102835,20.61552813,20.22374842,20,18.68154169,18,16.2788206,15.8113883,15,45.3431362,40.60788101,37.73592453,42.42640687,36.05551275,41.03656906,34.40930107,39.05124838,40.31128874,40,40.31128874,38.32753579,38.32753579,37,37.33630941,35.35533906,35,85.14693183,85,43.28972164,82.15229759,43,46.09772229,80,78.16009212,78,77.1621669,75.66372975,75,68.00735254,65.1459899,64.25729531,63.1585307,59.46427499,58.52349955,60.41522987,57.7754273,53.85164807,55.90169944,75.82216035,74.33034374,72.34638899,68.76772499,67.26812024,70.71067812,62.48199741,63.63961031,67.26812024,43.28972164,78.16009212,11.18033989,67.26812024,21.40093456,18.68154169
31.6227766,44.82186966,46.09772229,41.23105626,42.52058325,40.60788101,41.72529209,39.69886648,39.59797975,41.03656906,36.06937759,38.28837944,47.4341649,37,46.57252409,41.23105626,46.09772229,35.90264614,35.35533906,40.31128874,22.36067977,23.32380758,21.63330765,23.43074903,18.02775638,19.20937271,21.21320344,17.69180601,19.84943324,14.14213562,18.02775638,5,0,2,5.385164807,7.071067812,7.071067812,8,10,11.18033989,26.92582404,26.2488095,24.35159132,23.53720459,24.16609195,22.36067977,21.54065923,20.61552813,20.59126028,18.68154169,17.88854382,18.02775638,15.8113883,48.7954916,43.8634244,40.60788101,46.09772229,39.05124838,44.82186966,37.53664876,43.01162634,41.23105626,40.31128874,40,39.29376541,38,37.33630941,37,36.40054945,35.35533906,85.58621384,85.14693183,44.14748011,82.60750571,43.28972164,43.01162634,80.15609771,78.63841301,78.16009212,77.64663547,76.4852927,75.16648189,66.70832032,63.78871374,62.64183905,61.3514466,57.97413216,57.00877125,58.52349955,55.97320788,52.20153254,53.85164807,72.62231062,71.06335202,69.20260111,65.60487787,64.03124237,67.26812024,59.40538696,60.20797289,63.63961031,44.14748011,78.63841301,7.071067812,64.03124237,17.69180601,20.59126028
33.52610923,46.40043103,47.63402146,42.80186912,44.04543109,42.20189569,43.18564576,41.23105626,41.03656906,42.42640687,37.48332963,39.62322551,48.10405388,37.69615365,47.12748667,41.76122604,46.57252409,36.40054945,35.6931366,40.60788101,24.16609195,25.05992817,23.32380758,25,19.72308292,20.80865205,22.6715681,19.20937271,21.21320344,15.62049935,19.20937271,5.385164807,2,0,5,5.830951895,5.830951895,6,8,9.433981132,28.7923601,28.16025568,26.2488095,25.49509757,26,24.16609195,23.40939982,22.56102835,22.36067977,20.61552813,19.6977156,19.72308292,17.72004515,50.20956084,45.3431362,42.20189569,47.42362281,40.60788101,46.09772229,39.05124838,44.20407221,43.17406629,42.29657197,42,41.23105626,40,39.3192065,39,38.32753579,37.33630941,87.57282684,87.14355972,46.09772229,84.59314393,45.27692569,44.65422712,82.15229759,80.62257748,80.15609771,79.63039621,78.44743463,77.1621669,68.65857558,65.73431372,64.56004957,63.2455532,59.9082632,58.94064811,60.40695324,57.87054518,54.12023651,55.71355311,74.20242584,72.62231062,70.80254233,67.20119047,65.60487787,68.76772499,61.03277808,61.7170965,65.06919394,46.09772229,80.62257748,5.830951895,65.60487787,19.20937271,22.36067977
