0,38.07886553,30.8058436,39.35733731,36.05551275,40.31128874,33.30165161,35.35533906,39.05124838,33.54101966,31.6227766,33.52610923,32.38826948,38.07886553,35.35533906,39.29376541,41.23105626,40.31128874,45.17742799,40.04996879,35.05709629,45,35,45.04442252,35.05709629,45.27692569,58.52349955,57.00877125,55.71355311,52.20153254,52,50.28916384,51.07837116,51.4781507,47.4341649,44.20407221,43.01162634,40.60788101,37.20215048,36.05551275,40.31128874,30.8058436,33.54101966,38.07886553,35.34119409,37.73592453,37.20215048,38.32753579,45.04442252,38.05259518,35.34119409,33.54101966,25,20,18.02775638,14.14213562,18.02775638,26.92582404,47.16990566,42.42640687,26.92582404,15.8113883,29.15475947,39.05124838,20.61552813,11.18033989,13.03840481,25.29822128,10,9.219544457,19.6468827,25.49509757,27.45906044,39.29376541,36.05551275,57.00877125,42.94182111,49.979996,32.55764119,38.47076812,7.615773106,12.04159458,14.76482306,19.23538406,27.01851217,35.4682957,32.20248438,38.20994635,17.88854382,52.47856705,4.242640687,12.04159458,14.76482306,21.09502311,17.11724277,20.61552813,15.5241747,48.16637832,14.14213562,20.51828453,19.23538406,36.05551275,14.76482306
38.07886553,0,10.44030651,3,7.071067812,5,12.20655562,14.14213562,11.18033989,52.20153254,47.4341649,48.10405388,43.46262762,53.85164807,44.72135955,50.53711507,51.4781507,47.16990566,82.22530024,76.90253572,72.03471385,81.39410298,71.58910532,81.04936767,71.19691005,80.62257748,89.02246907,86.02325267,86.68333173,82.00609733,83.63013811,80.43009387,82.8794305,84.85281374,78.10249676,42,40,40.11234224,37.33630941,35.35533906,35,34.4818793,30.41381265,30,30.14962686,5.830951895,8.602325267,46.14108798,81.78630692,74.95331881,68.62215386,71.58910532,55,35.35533906,39.05124838,25.49509757,55.90169944,60.20797289,75.66372975,66.70832032,26.92582404,28.28427125,64.03124237,76.32168761,58.52349955,46.09772229,50.59644256,58.05170109,29.15475947,33.54101966,18.86796226,50,42.94182111,33.9705755,65.19202405,82.46211251,80.95677859,82.02438662,33.61547263,25.49509757,43.9089968,36.12478374,42.04759208,55.31726674,64.49806199,72.71863585,61.13100686,62.36986452,27.01851217,90.35485598,39.84971769,49.24428901,50.47771786,48.83646179,48.91829923,57.14017851,43.13930922,70.21395873,33.01514804,50.009999,18.97366596,7.071067812,50.47771786
30.8058436,10.44030651,0,10,5.385164807,10.19803903,4,7,8.602325267,41.76122604,37,37.69615365,33.10589071,43.46262762,34.4818793,40.31128874,41.34005322,37.20215048,73.37574531,68.00735254,63.2455532,72.277244,62.64183905,71.80529228,62.09669879,71.19691005,85.7554663,83.24061509,83.21658489,78.89233169,79.88116173,77.17512553,79.0569415,80.43009387,74.62573283,46.09772229,44.14748011,43.56604182,40.31128874,38.32753579,39.29376541,36,33.37663854,34.4818793,33.73425559,7.280109889,6.403124237,36.05551275,72.80109889,66.09841148,64.03124237,64.14047084,45.09988914,25.07987241,36.24913792,17,48.82622246,50.6359556,65.37583651,56.29387178,16.55294536,25.07987241,58.72818744,69.8140387,50.53711507,37.33630941,42.48529157,53.41348144,23.43074903,24.69817807,14.31782106,47.42362281,42.20189569,25,55.03635162,72.03471385,73.57309291,72.00694411,23.60084744,17.4642492,37.53664876,31.90611227,32.38826948,46.4865572,57.80138407,66.21933252,51.00980298,51.97114584,17.11724277,83.21658489,31.76476035,42.63801121,44.55333882,45.27692569,44.20407221,50.99019514,39.11521443,59.77457654,23.34523506,40.19950248,12.04159458,5.385164807,44.55333882
39.35733731,3,10,0,5.385164807,2,10.77032961,12.20655562,8.602325267,51.41984053,46.57252409,47.12748667,42.3792402,52.81098371,43.46262762,49.24428901,50.08991915,45.65084884,82.96987405,77.62087348,72.80109889,82,72.277244,81.58431222,71.80529228,81.04936767,91.40021882,88.48163651,89.02246907,84.40379138,85.91274643,82.80096618,85.14693183,87,80.43009387,45,43,43.10452412,40.31128874,38.32753579,38,37.36308338,33.37663854,33,33.13608305,3.605551275,6.403124237,44.72135955,82.46211251,75.69015788,70.71067812,72.89718787,55.08175742,35.05709629,41.40048309,26.2488095,57.30619513,60.5309838,75.32595834,66.09841148,25.96150997,30.47950131,65.94694838,77.93587107,59.61543424,46.84015371,51.623638,60.10823571,30.8058436,34.20526275,20.61552813,52.43090692,45.61797891,32.01562119,65.03076195,81.78630692,82.29823813,82.00609733,32.20248438,23.34523506,45.48626166,38.18376618,42.29657197,56.04462508,66.03786792,74.33034374,61.00819617,61.81423784,27.07397274,91.78779875,40.85339643,50.7740091,52.20153254,51.0881591,50.93132631,58.82176468,45.27692569,69.37578828,33.24154028,50.15974482,20.1246118,5.385164807,52.20153254
36.05551275,7.071067812,5.385164807,5.385164807,0,5,5.385164807,7.071067812,5,46.09772229,41.23105626,41.76122604,37,47.4341649,38.07886553,43.8634244,44.72135955,40.31128874,78.74642849,73.37574531,68.62215386,77.62087348,68.00735254,77.12976079,67.44627492,76.4852927,90.13878189,87.46427842,87.658428,83.21658489,84.40379138,81.54140053,83.60023923,85.14693183,79.0569415,47.26520919,45.27692569,45.04442252,42,40,40.31128874,38.32753579,35,35.35533906,35.05709629,2,2,39.35733731,78.16009212,71.47027354,68.76772499,69.46221995,50.24937811,30,40.31128874,22.36067977,54.08326913,55.90169944,70.17834424,60.8276253,20.61552813,29.15475947,63.63961031,75,55.90169944,42.72001873,47.85394446,58.13776741,28.28427125,30.08321791,18.60107524,51.4781507,45.54119015,26.90724809,60,76.4852927,78.89233169,77.0584194,26.83281573,18.43908891,42.63801121,36.40054945,37.65634077,51.86520992,63.00793601,71.40028011,56.00892786,56.56854249,22.36067977,88.50988645,37.12142239,47.80167361,49.57822102,49.64876635,48.91829923,56.08029957,43.60045871,64.03124237,28.63564213,45.39823785,17.02938637,0,49.57822102
40.31128874,5,10.19803903,2,5,0,10.19803903,11.18033989,7.071067812,50.99019514,46.09772229,46.57252409,41.76122604,52.20153254,42.72001873,48.46648326,49.24428901,44.72135955,83.52245207,78.16009212,73.37574531,82.46211251,72.80109889,82,72.277244,81.39410298,93.00537619,90.13878189,90.60353194,86.02325267,87.45856162,84.40379138,86.68333173,88.45903006,82.00609733,47,45,45.09988914,42.29657197,40.31128874,40,39.29376541,35.35533906,35,35.12833614,3,5.385164807,43.8634244,82.96987405,76.24303247,72.13875519,73.8241153,55.22680509,35,43.01162634,26.92582404,58.30951895,60.8276253,75.16648189,65.76473219,25.49509757,32.01562119,67.26812024,79.0569415,60.41522987,47.4341649,52.39274759,61.52235366,32.01562119,34.78505426,21.9317122,54.08326913,47.42362281,30.8058436,65,81.39410298,83.24061509,82.0548597,31.38470965,22.02271555,46.61544808,39.62322551,42.57933771,56.61271942,67.11929678,75.45197148,61.00819617,61.52235366,27.29468813,92.78469701,41.62931659,51.86520992,53.41348144,52.63078947,52.32590181,60,46.75467891,68.8839604,33.54101966,50.35871325,21.09502311,5,53.41348144
33.30165161,12.20655562,4,10.77032961,5.385164807,10.19803903,0,3,5.830951895,40.79215611,35.90264614,36.40054945,31.6227766,42.05948169,32.69556545,38.48376281,39.35733731,34.98571137,74.67261881,69.28924881,64.62197769,73.37574531,63.90618123,72.80109889,63.2455532,72.03471385,89.18520057,86.76981042,86.60831369,82.36504113,83.21658489,80.62257748,82.37718131,83.60023923,78.0320447,50.009999,48.05205511,47.51841748,44.28317965,42.29657197,43.17406629,40,37.33630941,38.32753579,37.65634077,7.280109889,5,34,74,67.41661516,67.20119047,66.28725368,45.54119015,25.07987241,39.92492956,19.20937271,51.2249939,51.41984053,65.06919394,55.57877293,15.29705854,28.7923601,61.7170965,72.34638899,52.47856705,38.91015292,44.41846463,56.61271942,26.62705391,26.41968963,18.02775638,51.07837116,46.09772229,21.9317122,55.03635162,71.19691005,75.71657678,72.1734023,21.47091055,13.89244399,40.31128874,35.35533906,33.24154028,47.92702787,60.30754513,68.76772499,51.0881591,51.35172831,18.02775638,85.44588931,33.83784863,45.27692569,47.42362281,48.76474136,47.4341649,53.74011537,42.54409477,58.69412236,24.35159132,40.79215611,15.26433752,5.385164807,47.42362281
35.35533906,14.14213562,7,12.20655562,7.071067812,11.18033989,3,0,5,40.31128874,35.35533906,35.6931366,30.8058436,41.23105626,31.6227766,37.33630941,38.07886553,33.54101966,75.76938696,70.38465742,65.7951366,74.33034374,65,73.68174808,64.25729531,72.80109889,91.78779875,89.4427191,89.18520057,85,85.7554663,83.24061509,84.90583019,86.02325267,80.62257748,52.95280918,50.99019514,50.48762225,47.26520919,45.27692569,46.09772229,43,40.31128874,41.23105626,40.60788101,8.602325267,5.830951895,32.69556545,75.02666193,68.54195795,69.63476143,68.00735254,46.09772229,25.49509757,42.72001873,21.21320344,53.15072906,52.20153254,65,55.22680509,15,31.6227766,64.03124237,74.33034374,54.08326913,40.31128874,46.04345773,59.07622195,29.15475947,28.01785145,20.88061302,53.85164807,49.03060269,19.84943324,55.22680509,70.71067812,77.4209274,72.44308111,20.24845673,11.40175425,42.52058325,38.01315562,34.17601498,49.1934955,62.28964601,70.76722405,51.35172831,51.0881591,19.23538406,87.20091743,35.60898763,47.38143096,49.67896939,51.42956348,49.92995093,55.90169944,45.17742799,58.05170109,25.49509757,41.48493703,17.88854382,7.071067812,49.67896939
39.05124838,11.18033989,8.602325267,8.602325267,5,7.071067812,5.830951895,5,0,45.27692569,40.31128874,40.60788101,35.6931366,46.09772229,36.40054945,42.05948169,42.72001873,38.07886553,80.41144197,75.02666193,70.38465742,79.0569415,69.64194139,78.44743463,68.9492567,77.62087348,94.33981132,91.78779875,91.80958556,87.46427842,88.48163651,85.7554663,87.658428,89.02246907,83.21658489,52.23983155,50.24937811,50.03998401,47,45,45.27692569,43.28972164,40,40.31128874,40.04996879,5.385164807,3,37.33630941,79.71198153,73.1641989,72.62231062,72.11102551,50.99019514,30.41381265,44.72135955,25,57.00877125,57.00877125,70,60.20797289,20,33.54101966,67.26812024,78.10249676,58.30951895,44.72135955,50.24937811,62.00806399,32.01562119,32.24903099,22.82542442,55.90169944,50.28916384,23.85372088,60.20797289,75.66372975,81.54140053,77.41446893,25,15,45.96737974,40.49691346,38.89730068,53.71219601,66.06814664,74.51845409,56.32051136,56.08029957,23.76972865,91.26335519,39.66106403,50.99019514,53.03772242,53.85164807,52.80151513,59.41380311,47.70744177,62.96824597,30.08321791,46.32493929,20.61552813,5,53.03772242
33.54101966,52.20153254,41.76122604,51.41984053,46.09772229,50.99019514,40.79215611,40.31128874,45.27692569,0,5,5.385164807,10.19803903,5,11.18033989,9.433981132,11.18033989,14.14213562,45.3431362,40.60788101,37.73592453,42.42640687,36.05551275,41.03656906,34.40930107,39.05124838,85.14693183,85,82.15229759,80,78.16009212,78,77.1621669,75.66372975,75,75.82216035,74.33034374,72.34638899,68.76772499,67.26812024,70.71067812,62.48199741,63.63961031,67.26812024,65.06919394,48.05205511,45.70557953,12.80624847,43.8634244,39.40812099,62,47.4341649,15.8113883,18.02775638,51.4781507,32.01562119,40,22.36067977,25.49509757,15,25.49509757,46.09772229,55,57.00877125,35.35533906,25.49509757,31.06444913,54.45181356,39.05124838,27.01851217,42.20189569,58.52349955,60.90155991,26.2488095,18.02775638,30.41381265,55.03635162,34.53983208,21.09502311,33.24154028,38.89730068,45.27692569,18.78829423,27.29468813,47.38143096,54.34151268,15.55634919,11.18033989,26.92582404,64.41273166,29.54657341,39.62322551,43.73785546,53.75872022,48.76474136,46.04345773,48.84669897,18.02775638,23.34523506,16,38.27531842,46.09772229,43.73785546
31.6227766,47.4341649,37,46.57252409,41.23105626,46.09772229,35.90264614,35.35533906,40.31128874,5,0,2,5.385164807,7.071067812,7.071067812,8,10,11.18033989,48.7954916,43.8634244,40.60788101,46.09772229,39.05124838,44.82186966,37.53664876,43.01162634,85.58621384,85.14693183,82.60750571,80.15609771,78.63841301,78.16009212,77.64663547,76.4852927,75.16648189,72.62231062,71.06335202,69.20260111,65.60487787,64.03124237,67.26812024,59.40538696,60.20797289,63.63961031,61.55485359,43.17406629,40.79215611,9.433981132,47.42362281,42.52058325,62.20128616,49.24428901,18.02775638,14.14213562,49.24428901,28.28427125,40.31128874,25,30.41381265,20,20.61552813,43.01162634,55.22680509,58.52349955,36.40054945,25,31.144823,54.03702434,36.05551275,24.18677324,38.28837944,57.00877125,58.6003413,21.54065923,22.36067977,35.35533906,57.30619513,39.2173431,16.1245155,28.28427125,37.65634077,42.95346319,17.2626765,28.46049894,48.27007354,55.6596802,19.41648784,16.1245155,22.8035085,66.88796603,27.89265136,39.05124838,43.10452412,52.39274759,47.67598976,46.09772229,47.12748667,22.8035085,20,16.76305461,34.20526275,41.23105626,43.10452412
33.52610923,48.10405388,37.69615365,47.12748667,41.76122604,46.57252409,36.40054945,35.6931366,40.60788101,5.385164807,2,0,5,5.830951895,5.830951895,6,8,9.433981132,50.20956084,45.3431362,42.20189569,47.42362281,40.60788101,46.09772229,39.05124838,44.20407221,87.57282684,87.14355972,84.59314393,82.15229759,80.62257748,80.15609771,79.63039621,78.44743463,77.1621669,74.20242584,72.62231062,70.80254233,67.20119047,65.60487787,68.76772499,61.03277808,61.7170965,65.06919394,63.03173804,43.68065934,41.23105626,7.810249676,48.7954916,44.04543109,64.19501538,51.07837116,19.72308292,15.62049935,51.07837116,29.73213749,42.29657197,26.62705391,30.8058436,20.09975124,21.1896201,44.65422712,57.218878,60.40695324,38.32753579,27,33.13608305,56.0357029,37.73592453,25.94224354,39.62322551,58.94064811,60.41522987,20.88061302,23.32380758,35.12833614,59.05929224,39.92492956,16,28.0713377,39.62322551,44.77722635,19.23538406,30.3644529,50.21951812,57.56735186,20.61552813,16.4924225,24.08318916,68.60029154,29.83286778,41.0487515,45.09988914,54.34151268,49.64876635,48.09365863,49.04079934,22.36067977,21.63330765,18.68154169,35.4682957,41.76122604,45.09988914
32.38826948,43.46262762,33.10589071,42.3792402,37,41.76122604,31.6227766,30.8058436,35.6931366,10.19803903,5.385164807,5,0,10.44030651,3,7.810249676,9.433981132,8,53.81449619,48.7954916,45.3431362,51.2249939,43.8634244,50,42.42640687,48.25971405,88.28363382,87.57282684,85.32877592,82.60750571,81.39410298,80.62257748,80.41144197,79.55501241,77.64663547,71.28113355,69.63476143,67.95586803,64.35060217,62.68173578,65.60487787,58.30951895,58.6003413,61.7170965,59.81638571,38.89730068,36.40054945,6,52.49761899,47.38143096,64.77653896,53.23532662,22.6715681,13,49.33558553,26.62705391,43.17406629,29.73213749,35.6931366,25.07987241,16.55294536,42.05948169,57.87054518,62.24146528,39.92492956,27.45906044,33.95585369,56.08029957,35.34119409,24.04163056,36.12478374,57.87054518,58.52349955,16.15549442,27.73084925,40.11234224,61.58733636,44.59820624,11,23.08679276,39.05124838,43.01162634,19.10497317,32.20248438,51.54609588,59.23681288,24.69817807,21.37755833,20.61552813,71.28113355,29.06888371,41.10960958,45.04442252,53.46026562,49.09175083,48.66210024,47.85394446,27.29468813,19.31320792,20.59126028,31.82766093,37,45.04442252
38.07886553,53.85164807,43.46262762,52.81098371,47.4341649,52.20153254,42.05948169,41.23105626,46.09772229,5,7.071067812,5.830951895,10.44030651,0,10,5.830951895,7.071067812,11.18033989,49.2036584,44.65422712,42.05948169,46.09772229,40.31128874,44.59820624,38.58756276,42.42640687,90.13878189,90,87.14355972,85,83.15046602,83,82.15229759,80.62257748,80,79.64923101,78.10249676,76.21679605,72.62231062,71.06335202,74.33034374,66.4003012,67.26812024,70.71067812,68.62215386,49.33558553,46.84015371,10.44030651,47.63402146,43.56604182,67,52.20153254,20.61552813,21.21320344,55.90169944,35.35533906,45,26.92582404,26.92582404,15.8113883,26.92582404,50,60,61.84658438,40.31128874,30.41381265,36.05551275,59.41380311,43.01162634,31.06444913,45.3431362,63.2455532,65.29931087,25.17935662,21.21320344,30,59.61543424,36.7151195,21.21320344,33.01514804,43.68065934,49.64876635,23.40939982,32.24903099,52.34500931,59.22837158,19.41648784,13.03840481,29.83286778,68.87670143,34.17601498,44.55333882,48.66210024,58.52349955,53.60037313,51.03920062,53.48831648,17.02938637,27.01851217,21,41.23105626,47.4341649,48.66210024
35.35533906,44.72135955,34.4818793,43.46262762,38.07886553,42.72001873,32.69556545,31.6227766,36.40054945,11.18033989,7.071067812,5.830951895,3,10,0,5.830951895,7.071067812,5,55.86591089,50.93132631,47.63402146,53.15072906,46.09772229,51.85556865,44.59820624,50,91.24143795,90.55385138,88.28363382,85.58621384,84.34453154,83.60023923,83.36066219,82.46211251,80.62257748,73.78346698,72.11102551,70.49113419,66.88796603,65.19202405,68.00735254,60.90155991,61.03277808,64.03124237,62.20128616,39.92492956,37.33630941,3,54.4885309,49.57822102,67.74215822,55.90169944,25,15.8113883,52.20153254,29.15475947,46.09772229,32.01562119,36.40054945,25.49509757,18.02775638,44.72135955,60.8276253,65,42.72001873,30.41381265,36.87817783,59.07622195,38.07886553,26.92582404,38.41874542,60.8276253,61.3514466,15.29705854,29.15475947,40,64.14047084,45.69463864,11.40175425,23.02172887,42.04759208,45.88027899,22.09072203,34.92849839,54.40588203,62.03224968,26.40075756,22.13594362,23.02172887,73.78346698,32.06243908,44.10215414,48.0416486,56.43580424,52.08646657,51.623638,50.80354318,27.01851217,22.13594362,23.2594067,34.05877273,38.07886553,48.0416486
39.29376541,50.53711507,40.31128874,49.24428901,43.8634244,48.46648326,38.48376281,37.33630941,42.05948169,9.433981132,8,6,7.810249676,5.830951895,5.830951895,0,2,5.385164807,54.67174773,50,47.16990566,51.66236541,45.48626166,50.20956084,43.829214,48.10405388,93.53608929,93.13431162,90.55385138,88.141931,86.57944329,86.14522622,85.58621384,84.34453154,83.15046602,79.0569415,77.4209274,75.71657678,72.11102551,70.45565982,73.40980861,66.03786792,66.4003012,69.52697318,67.62396025,45.69463864,43.08131846,5,53.15072906,48.82622246,70.17834424,56.64803615,25.07987241,20.59126028,56.64803615,34.40930107,48.25971405,31.76476035,32.69556545,21.54065923,23.85372088,49.73932046,63.19810124,66.09841148,44.14748011,33,39.11521443,62.03224968,42.94182111,31.38470965,43.93176527,64.76109943,65.9241989,20,26.90724809,35.12833614,64.40496875,42.54409477,17.08800749,28.28427125,45.54119015,50.32891813,25.17935662,36.138622,56.08921465,63.3245608,24.8394847,18.86796226,28.42534081,73.8241153,35.6931366,47.04253395,51.0881591,60.20797289,55.57877293,54.08326913,54.81788029,22.09072203,26.83281573,24.51530134,39.62322551,43.8634244,51.0881591
41.23105626,51.4781507,41.34005322,50.08991915,44.72135955,49.24428901,39.35733731,38.07886553,42.72001873,11.18033989,10,8,9.433981132,7.071067812,7.071067812,2,0,5,56.22277119,51.6139516,48.87739764,53.15072906,47.16990566,51.66236541,45.48626166,49.49747468,95.52486587,95.13148795,92.54188241,90.13878189,88.5663593,88.141931,87.57282684,86.31338251,85.14693183,80.7093551,79.0569415,77.38862966,73.78346698,72.11102551,75,67.74215822,68.00735254,71.06335202,69.20260111,46.5188134,43.8634244,5.385164807,54.67174773,50.47771786,72.1734023,58.52349955,26.92582404,22.36067977,58.52349955,36.05551275,50.24937811,33.54101966,33.54101966,22.36067977,25,51.4781507,65.19202405,68.00735254,46.09772229,35,41.10960958,64.03124237,44.72135955,33.24154028,45.45327271,66.70832032,67.77905281,20.09975124,28.28427125,35.35533906,66.21178143,43.56604182,17.88854382,28.63564213,47.51841748,52.20153254,27.16615541,38.07886553,58.05170109,65.2533524,26.40075756,20,30,75.59100476,37.65634077,49.04079934,53.08483776,62.16912417,57.55866572,56.08029957,56.75385449,22.36067977,28.63564213,26.47640459,41.10960958,44.72135955,53.08483776
40.31128874,47.16990566,37.20215048,45.65084884,40.31128874,44.72135955,34.98571137,33.54101966,38.07886553,14.14213562,11.18033989,9.433981132,8,11.18033989,5,5.385164807,5,0,59.46427499,54.67174773,51.6139516,56.56854249,50,55.1724569,48.41487375,53.15072906,96.17692031,95.52486587,93.21480569,90.55385138,89.26925563,88.5663593,88.28363382,87.32124598,85.58621384,78.0320447,76.32168761,74.79304781,71.19691005,69.46221995,72.11102551,65.29931087,65.19202405,68.00735254,66.28725368,42.05948169,39.35733731,2,58,53.41348144,72.69112738,60.41522987,29.15475947,20.61552813,57.00877125,33.54101966,50.99019514,36.05551275,38.07886553,26.92582404,21.21320344,49.24428901,65.76473219,69.64194139,47.4341649,35.35533906,41.77319715,64.07027392,42.72001873,31.78049716,42.43819035,65.76473219,66.09841148,15.13274595,32.01562119,40.31128874,68.47627326,47.88527958,13.60147051,23.76972865,47.04253395,50.69516742,27.07397274,39.56008089,59.20304046,66.73080248,29.69848481,24.18677324,27.29468813,78.0320447,37.05401463,49.09175083,53.03772242,61.40032573,57.07889277,56.56854249,55.73149917,27.29468813,26.92582404,27.85677655,38.01315562,40.31128874,53.03772242
45.17742799,82.22530024,73.37574531,82.96987405,78.74642849,83.52245207,74.67261881,75.76938696,80.41144197,45.3431362,48.7954916,50.20956084,53.81449619,49.2036584,55.86591089,54.67174773,56.22277119,59.46427499,0,5.385164807,10.19803903,4,10.77032961,6,11.66190379,9,56.79788728,59.16924877,54.12023651,54.91812087,50.60632372,53.25410782,49.73932046,45.61797891,50.80354318,83.24061509,82.71033793,79.81227976,77.12976079,76.68767828,81.58431222,71.38627319,75.80237463,80.75270893,77.78174593,80.65358021,79.37883849,58,2,7.280109889,41.03656906,18.60107524,31.40063694,51,56.08921465,56.75385449,30.59411708,24.41311123,29.42787794,37.16180835,62.17716623,60.00833275,36.61966685,25.8069758,25.01999201,36.138622,32.14031736,42.05948169,55.14526272,48.76474136,64.62971453,54.23098745,62.93647591,69.20260111,28.3019434,39,17.4642492,21.09502311,62.42595614,73.57309291,42.10700654,53.23532662,41.62931659,26.92582404,27.29468813,26.17250466,29.83286778,37.21558813,56.64803615,23,42.57933771,37.33630941,39.05124838,49.979996,44.92215489,34.17601498,50.21951812,42.05948169,50.32891813,34.98571137,63.34824386,78.74642849,39.05124838
40.04996879,76.90253572,68.00735254,77.62087348,73.37574531,78.16009212,69.28924881,70.38465742,75.02666193,40.60788101,43.8634244,45.3431362,48.7954916,44.65422712,50.93132631,50,51.6139516,54.67174773,5.385164807,0,5,5.385164807,5.385164807,6.403124237,6.403124237,8.602325267,56.64803615,58.6003413,53.85164807,54.12023651,50.15974482,52.35456045,49.24428901,45.54119015,49.73932046,79.0569415,78.44743463,75.58438992,72.80109889,72.277244,77.12976079,66.94027188,71.19691005,76.11832894,73.1641989,75.2861209,74,53.15072906,5,2,39.05124838,16.40121947,26.2488095,45.65084884,51.66236541,51.41984053,26.2488095,19.20937271,27,33.52610923,56.82429058,55.08175742,33.9705755,25.07987241,20.22374842,30.8058436,27.01851217,38.83297568,50.03998401,43.41658669,59.41380311,50.53711507,58.87274412,64.03124237,24.16609195,37.33630941,18.11077028,20.24845673,57.20139858,68.26419266,37.33630941,48.50773134,36.24913792,21.58703314,24.20743687,24.69817807,25.23885893,33.10589071,51.26402247,25.49509757,37.33630941,32.75667871,34.78505426,46.09772229,40.85339643,30.41381265,45.88027899,38.83297568,44.94441011,29.68164416,58.05170109,73.37574531,34.78505426
35.05709629,72.03471385,63.2455532,72.80109889,68.62215386,73.37574531,64.62197769,65.7951366,70.38465742,37.73592453,40.60788101,42.20189569,45.3431362,42.05948169,47.63402146,47.16990566,48.87739764,51.6139516,10.19803903,5,0,10.19803903,2,10.77032961,4,12.20655562,55.08175742,56.64803615,52.20153254,52,48.38388161,50.15974482,47.4341649,44.14748011,47.42362281,74.33034374,73.68174808,70.83784299,68.00735254,67.44627492,72.277244,62.09669879,66.28725368,71.19691005,68.24954212,70.51950085,69.28924881,50,10,3,36.05551275,13.92838828,22.6715681,41.34005322,46.84015371,46.57252409,21.54065923,15.62049935,27.45906044,32.38826948,52.47856705,50.08991915,30.47950131,23.53720459,15.29705854,25.96150997,22.02271555,34.82814953,45.04442252,38.60051813,54.45181356,46.14108798,54.23098745,60.20797289,22.56102835,38.32753579,18.24828759,22.47220505,53.26349594,64.07027392,32.38826948,43.56604182,31.76476035,16.76305461,20.51828453,22.47220505,22.84731932,31.32091953,46.61544808,26.92582404,32.38826948,27.89265136,30.08321791,41.59326869,36.24913792,26.07680962,41.10960958,38.11823711,40.31128874,25.61249695,53.15072906,68.62215386,30.08321791
45,81.39410298,72.277244,82,77.62087348,82.46211251,73.37574531,74.33034374,79.0569415,42.42640687,46.09772229,47.42362281,51.2249939,46.09772229,53.15072906,51.66236541,53.15072906,56.56854249,4,5.385164807,10.19803903,0,10,2,10.19803903,5,60.41522987,62.64982043,57.69748695,58.30951895,54.12023651,56.60388679,53.23532662,49.24428901,54.08326913,84.43340571,83.81527307,80.95677859,78.16009212,77.62087348,82.46211251,72.277244,76.4852927,81.39410298,78.44743463,79.55501241,78.16009212,55.1724569,2,7.280109889,43.8634244,21.21320344,29.15475947,49.24428901,57.00877125,55.90169944,31.6227766,22.36067977,25.49509757,33.54101966,60.41522987,60.20797289,39.05124838,29.15475947,25.49509757,35.35533906,32.01562119,44.10215414,55,47.85394446,64.19501538,55.90169944,64.25729531,66.85057965,25,35,21.1896201,17.11724277,60.20797289,71.58910532,42.57933771,53.75872022,40.16217126,26.17250466,29.41088234,29.20616373,26.87005769,33.83784863,55.36244214,27,42.10700654,38.07886553,40.16217126,51.4781507,46.23851209,35.77708764,51.2445119,38.27531842,49.04079934,33.10589071,62.64982043,77.62087348,40.16217126
35,71.58910532,62.64183905,72.277244,68.00735254,72.80109889,63.90618123,65,69.64194139,36.05551275,39.05124838,40.60788101,43.8634244,40.31128874,46.09772229,45.48626166,47.16990566,50,10.77032961,5.385164807,2,10,0,10.19803903,2,11.18033989,57.00877125,58.52349955,54.12023651,53.85164807,50.28916384,52,49.33558553,46.09772229,49.24428901,75.02666193,74.33034374,71.51223672,68.62215386,68.00735254,72.80109889,62.64183905,66.70832032,71.58910532,68.65857558,69.92138443,68.62215386,48.41487375,10.19803903,3.605551275,37.73592453,15.8113883,21.21320344,40.31128874,47.4341649,46.09772229,22.36067977,14.14213562,25.49509757,30.41381265,51.4781507,50.24937811,32.01562119,25.49509757,15.8113883,25.49509757,22.02271555,36.12478374,45,38.07886553,54.23098745,47.16990566,55.03635162,58.89821729,20.61552813,36.40054945,20.22374842,20.80865205,52.0096145,62.96824597,32.75667871,43.93176527,30.87069808,16.2788206,22.02271555,24.35159132,21.02379604,29.41088234,45.88027899,28.7923601,32.14031736,28.46049894,30.87069808,42.54409477,37.12142239,27.20294102,41.78516483,36.12478374,39.56008089,24.41311123,52.77309921,68.00735254,30.87069808
45.04442252,81.04936767,71.80529228,81.58431222,77.12976079,82,72.80109889,73.68174808,78.44743463,41.03656906,44.82186966,46.09772229,50,44.59820624,51.85556865,50.20956084,51.66236541,55.1724569,6,6.403124237,10.77032961,2,10.19803903,0,10,3,62.24146528,64.41273166,59.50630219,60.03332408,55.90169944,58.30951895,55.00909016,51.07837116,55.75840744,85.0940656,84.43340571,81.59656856,78.74642849,78.16009212,82.96987405,72.80109889,76.90253572,81.78630692,78.85429601,79.07591289,77.62087348,53.81449619,4,8.062257748,45.3431362,22.6715681,28.17800561,48.46648326,57.56735186,55.57877293,32.31098884,21.54065923,23.53720459,31.76476035,59.61543424,60.40695324,40.36087214,30.88689042,25.96150997,35.12833614,32.14031736,45.22167622,55.03635162,47.51841748,64.07027392,56.82429058,65,65.73431372,23.43074903,33,23.08679276,15.13274595,59.16924877,70.66116331,42.95346319,54.12947441,39.56008089,26.01922366,30.61045573,30.8058436,25.49509757,32.20248438,54.81788029,29,42.01190308,38.60051813,40.85339643,52.32590181,47.01063709,36.7151195,51.86520992,36.40054945,48.50773134,32.31098884,62.39390996,77.12976079,40.85339643
35.05709629,71.19691005,62.09669879,71.80529228,67.44627492,72.277244,63.2455532,64.25729531,68.9492567,34.40930107,37.53664876,39.05124838,42.42640687,38.58756276,44.59820624,43.829214,45.48626166,48.41487375,11.66190379,6.403124237,4,10.19803903,2,10,0,10.44030651,58.94064811,60.40695324,56.04462508,55.71355311,52.20153254,53.85164807,51.2445119,48.05205511,51.07837116,75.76938696,75.02666193,72.23572523,69.28924881,68.62215386,73.37574531,63.2455532,67.18630813,72.03471385,69.12307864,69.37578828,68.00735254,46.86149806,10.77032961,5,39.44616585,17.72004515,19.84943324,39.35733731,48.10405388,45.70557953,23.32380758,12.80624847,23.53720459,28.44292531,50.53711507,50.48762225,33.60059523,27.45906044,16.55294536,25.17935662,22.20360331,37.48332963,45.04442252,37.65634077,54.08326913,48.25971405,55.90169944,57.62811814,18.68154169,34.4818793,22.20360331,19.20937271,50.80354318,61.91122677,33.24154028,44.38468204,30.08321791,16.03121954,23.60084744,26.2488095,19.23538406,27.51363298,45.22167622,30.6757233,32.01562119,29.15475947,31.76476035,43.56604182,38.07886553,28.42534081,42.54409477,34.13209633,38.89730068,23.32380758,52.46903849,67.44627492,31.76476035
45.27692569,80.62257748,71.19691005,81.04936767,76.4852927,81.39410298,72.03471385,72.80109889,77.62087348,39.05124838,43.01162634,44.20407221,48.25971405,42.42640687,50,48.10405388,49.49747468,53.15072906,9,8.602325267,12.20655562,5,11.18033989,3,10.44030651,0,65,67.08203932,62.24146528,62.64982043,58.6003413,60.90155991,57.69748695,53.85164807,58.30951895,86.16263691,85.44003745,82.63776376,79.71198153,79.0569415,83.81527307,73.68174808,77.62087348,82.46211251,79.55501241,78.44743463,76.90253572,51.85556865,7,9.899494937,47.63402146,25,26.92582404,47.4341649,58.52349955,55.22680509,33.54101966,20.61552813,20.61552813,29.15475947,58.52349955,60.8276253,42.42640687,33.54101966,26.92582404,35,32.55764119,47.01063709,55.22680509,47.16990566,64,58.30951895,66.21178143,64.14047084,21.21320344,30,25.96150997,12.16552506,57.70615219,69.35416354,43.68065934,54.81788029,38.83297568,26.07680962,32.55764119,33.28663395,23.60084744,29.83286778,54.12947441,32,42.04759208,39.56008089,42.04759208,53.71219601,48.3011387,38.27531842,52.92447449,33.61547263,47.85394446,31.32091953,62.12889827,76.4852927,42.04759208
58.52349955,89.02246907,85.7554663,91.40021882,90.13878189,93.00537619,89.18520057,91.78779875,94.33981132,85.14693183,85.58621384,87.57282684,88.28363382,90.13878189,91.24143795,93.53608929,95.52486587,96.17692031,56.79788728,56.64803615,55.08175742,60.41522987,57.00877125,62.24146528,58.94064811,65,0,5,3,7.071067812,7,8.602325267,8,11.18033989,11.18033989,61.7170965,62.64982043,60.03332408,59.9082632,61.03277808,65.19202405,58.25804665,64.03124237,68.00735254,65.60487787,91.26335519,91.80958556,94.20191081,58.6003413,55.97320788,23.53720459,41.23105626,70,77.62087348,50,71.58910532,45.27692569,65.19202405,82.46211251,85.58621384,85.44003745,61.03277808,30.41381265,31.6227766,50,60.8276253,54.45181356,33.24154028,62.64982043,67.67569726,71.56116265,39.05124838,47.42362281,97.71898485,75.66372975,93.40770846,39.35733731,76.89603371,90.80198236,96.7729301,50.92150823,53.85164807,69.23149572,58.00862005,38.01315562,32.75667871,74.24284477,83.21658489,76.32168761,37.53664876,60.44005295,47.5394573,43.96589587,40.49691346,42.04759208,39.62322551,46.64761516,91.78779875,72.42237223,69.18092223,73.92563831,90.13878189,43.96589587
57.00877125,86.02325267,83.24061509,88.48163651,87.46427842,90.13878189,86.76981042,89.4427191,91.78779875,85,85.14693183,87.14355972,87.57282684,90,90.55385138,93.13431162,95.13148795,95.52486587,59.16924877,58.6003413,56.64803615,62.64982043,58.52349955,64.41273166,60.40695324,67.08203932,5,0,5.830951895,5,8.602325267,7,9.433981132,14.14213562,10,57.30619513,58.30951895,55.75840744,55.80322571,57.00877125,61.03277808,54.4885309,60.20797289,64.03124237,61.7170965,88.50988645,89.18520057,93.53608929,60.90155991,57.7754273,23,42.72001873,70.17834424,76.4852927,47.16990566,69.64194139,45,65.76473219,83.81527307,86.31338251,83.81527307,58.30951895,30,33.54101966,50.24937811,60.20797289,54.03702434,31.78049716,60.41522987,66.21933252,68.9637586,36.05551275,43.8634244,96.30160954,76.4852927,94.86832981,41.88078318,78.79086241,89.49860334,94.9210198,49.47726751,51.42956348,68.46897107,58.13776741,38.47076812,34.17601498,74.81310046,83.72574276,74.63243263,41.03656906,59.22837158,46.5295605,42.75511665,38.01315562,40.16217126,39.05124838,44.28317965,92.57429449,71.06335202,69,71.55417528,87.46427842,42.75511665
55.71355311,86.68333173,83.21658489,89.02246907,87.658428,90.60353194,86.60831369,89.18520057,91.80958556,82.15229759,82.60750571,84.59314393,85.32877592,87.14355972,88.28363382,90.55385138,92.54188241,93.21480569,54.12023651,53.85164807,52.20153254,57.69748695,54.12023651,59.50630219,56.04462508,62.24146528,3,5.830951895,0,5.385164807,4,6.403124237,5,8.602325267,8.602325267,60.41522987,61.26989473,58.5918083,58.30951895,59.36328832,63.63175308,56.40035461,62.20128616,66.28725368,63.82005954,88.81441324,89.30845425,91.24143795,55.90169944,53.14132102,20.61552813,38.32753579,67,74.72616677,47.63402146,68.87670143,42.29657197,62.20128616,79.55501241,82.60750571,82.63776376,58.6003413,27.45906044,28.7923601,47,57.87054518,51.4781507,30.46309242,60.03332408,64.84597135,69.0651866,36.79673899,45.45327271,94.86832981,72.69112738,90.52071586,36.7151195,74.09453421,87.93179175,94.02127419,48.10405388,51.31276644,66.28725368,55.00909016,35.0142828,29.83286778,71.25307011,80.22468448,73.53910524,35.35533906,57.56735186,44.64302857,41.10960958,38.01315562,39.35733731,36.67424164,44.10215414,88.81441324,69.57010852,66.18912297,71.34423593,87.658428,41.10960958
52.20153254,82.00609733,78.89233169,84.40379138,83.21658489,86.02325267,82.36504113,85,87.46427842,80,80.15609771,82.15229759,82.60750571,85,85.58621384,88.141931,90.13878189,90.55385138,54.91812087,54.12023651,52,58.30951895,53.85164807,60.03332408,55.71355311,62.64982043,7.071067812,5,5.385164807,0,5.385164807,2,5.830951895,11.18033989,5,55.03635162,55.90169944,53.23532662,53,54.08326913,58.30951895,51.2249939,57.00877125,61.03277808,58.6003413,84.31488599,84.90583019,88.5663593,56.60388679,53.22593353,18,38.07886553,65.19202405,71.58910532,43.01162634,65,40,60.8276253,79.0569415,81.39410298,79.0569415,54.08326913,25,29.15475947,45.27692569,55.22680509,49.04079934,26.92582404,55.90169944,61.40032573,64.66065264,32.01562119,40.36087214,91.48223871,71.58910532,90.13878189,37.80211634,74.24957912,84.64632302,90.24965374,44.64302857,47.01063709,63.50590524,53.15072906,33.54101966,29.54657341,69.87131028,78.77182237,69.89277502,37.80211634,54.34151268,41.59326869,37.85498646,33.61547263,35.4682957,34.05877273,39.8246155,87.66413178,66.21933252,64,67.11929678,83.21658489,37.85498646
52,83.63013811,79.88116173,85.91274643,84.40379138,87.45856162,83.21658489,85.7554663,88.48163651,78.16009212,78.63841301,80.62257748,81.39410298,83.15046602,84.34453154,86.57944329,88.5663593,89.26925563,50.60632372,50.15974482,48.38388161,54.12023651,50.28916384,55.90169944,52.20153254,58.6003413,7,8.602325267,4,5.385164807,0,5,1,5.830951895,5.830951895,58.87274412,59.61543424,56.8594759,56.35601121,57.30619513,61.7170965,54.08326913,59.9082632,64.14047084,61.58733636,85.60373824,86.02325267,87.29833904,52.35456045,49.39635614,16.76305461,34.4818793,63,70.88018059,44.59820624,65.29931087,38.32753579,58.21511831,75.69015788,78.63841301,78.92401409,55.4436651,23.53720459,25.07987241,43,53.93514624,47.51841748,26.83281573,56.60388679,61.09828148,65.80273551,33.9705755,43.01162634,91.08238029,68.73136111,86.68333173,33.28663395,70.38465742,84.11896338,90.37698822,44.38468204,48.01041554,62.36986452,51.00980298,31.01612484,25.96150997,67.26812024,76.23647421,69.85699679,32.64965543,53.75872022,40.80441153,37.33630941,34.82814953,35.84689666,32.75667871,40.80441153,84.85281374,65.78753681,62.20128616,67.95586803,84.40379138,37.33630941
50.28916384,80.43009387,77.17512553,82.80096618,81.54140053,84.40379138,80.62257748,83.24061509,85.7554663,78,78.16009212,80.15609771,80.62257748,83,83.60023923,86.14522622,88.141931,88.5663593,53.25410782,52.35456045,50.15974482,56.60388679,52,58.30951895,53.85164807,60.90155991,8.602325267,7,6.403124237,2,5,0,5.099019514,10.44030651,3,54.23098745,55.03635162,52.32590181,51.97114584,53,57.30619513,50,55.80322571,59.9082632,57.42821606,82.66196223,83.21658489,86.57944329,54.91812087,51.42956348,16,36.24913792,63.19810124,69.63476143,41.40048309,63.1585307,38,58.85575588,77.1621669,79.42921377,77.1621669,52.43090692,23,27.45906044,43.28972164,53.23532662,47.04253395,25,54.12023651,59.48108943,62.96824597,30.47950131,39.05124838,89.56003573,69.63476143,88.25531145,36.23534186,72.44998275,82.71033793,88.39117603,42.72001873,45.27692569,61.52235366,51.15662225,31.57530681,27.73084925,67.89698079,76.79192666,68.00735254,36.61966685,52.39274759,39.62322551,35.90264614,31.90611227,33.61547263,32.06243908,38.07886553,85.70297544,64.28841264,62,65.36818798,81.54140053,35.90264614
51.07837116,82.8794305,79.0569415,85.14693183,83.60023923,86.68333173,82.37718131,84.90583019,87.658428,77.1621669,77.64663547,79.63039621,80.41144197,82.15229759,83.36066219,85.58621384,87.57282684,88.28363382,49.73932046,49.24428901,47.4341649,53.23532662,49.33558553,55.00909016,51.2445119,57.69748695,8,9.433981132,5,5.830951895,1,5.099019514,0,5.385164807,5.385164807,58.52349955,59.23681288,56.46237685,55.90169944,56.82429058,61.26989473,53.53503526,59.36328832,63.63175308,61.05735009,84.81155582,85.21150157,86.31338251,51.4781507,48.46648326,15.8113883,33.52610923,62,69.92138443,43.8634244,64.41273166,37.33630941,57.218878,74.72616677,77.64663547,78,54.67174773,22.56102835,24.16609195,42,52.95280918,46.5295605,25.94224354,55.75840744,60.16643583,65,33.30165161,42.43819035,90.13878189,67.74215822,85.72630868,32.44996148,69.46221995,83.16850365,89.47066558,43.46262762,47.20169488,61.39218191,50.009999,30.01666204,25,66.2721661,75.23961722,68.94200461,32.01562119,52.81098371,39.84971769,36.40054945,34.05877273,34.98571137,31.78049716,40,83.86298349,64.84597135,61.20457499,67.11929678,83.60023923,36.40054945
51.4781507,84.85281374,80.43009387,87,85.14693183,88.45903006,83.60023923,86.02325267,89.02246907,75.66372975,76.4852927,78.44743463,79.55501241,80.62257748,82.46211251,84.34453154,86.31338251,87.32124598,45.61797891,45.54119015,44.14748011,49.24428901,46.09772229,51.07837116,48.05205511,53.85164807,11.18033989,14.14213562,8.602325267,11.18033989,5.830951895,10.44030651,5.385164807,0,10,62.64183905,63.2455532,60.40695324,59.61543424,60.41522987,65,56.82429058,62.64982043,67.08203932,64.41273166,86.45229899,86.68333173,85.37564055,47.42362281,44.92215489,16.40121947,30.41381265,60.20797289,69.64194139,46.09772229,65.19202405,36.40054945,55,71.58910532,75.16648189,78.26237921,56.56854249,22.36067977,20.61552813,40.31128874,52.20153254,45.607017,27.01851217,57.00877125,60.37383539,66.60330322,36.05551275,45.65084884,90.0777442,65.19202405,82.46211251,28.17800561,65.78753681,83.00602388,89.94442729,43.9089968,48.83646179,60.7289058,48.37354649,28.28427125,22.09072203,64.00781202,73.00684899,69.35416354,26.90724809,52.80151513,39.81205847,36.7151195,36.12478374,36.23534186,31.38470965,41.72529209,81.3019065,64.88451279,59.8414572,68.41052551,85.14693183,36.7151195
47.4341649,78.10249676,74.62573283,80.43009387,79.0569415,82.00609733,78.0320447,80.62257748,83.21658489,75,75.16648189,77.1621669,77.64663547,80,80.62257748,83.15046602,85.14693183,85.58621384,50.80354318,49.73932046,47.42362281,54.08326913,49.24428901,55.75840744,51.07837116,58.30951895,11.18033989,10,8.602325267,5,5.830951895,3,5.385164807,10,0,53.14132102,53.85164807,51.07837116,50.53711507,51.4781507,55.90169944,48.25971405,54.08326913,58.30951895,55.75840744,80.21221852,80.7093551,83.60023923,52.43090692,48.76474136,13,33.54101966,60.20797289,66.70832032,39.05124838,60.41522987,35,55.90169944,74.33034374,76.4852927,74.33034374,50,20,25,40.31128874,50.24937811,44.04543109,22.13594362,51.4781507,56.61271942,60.46486583,28.28427125,37.20215048,86.68333173,66.70832032,85.44003745,33.9705755,69.77105417,79.81227976,85.61541917,39.84971769,42.72001873,58.54912467,48.16637832,28.63564213,25.05992817,64.93843238,73.8241153,65.19202405,34.98571137,49.47726751,36.67424164,32.984845,29.41088234,30.87069808,29.06888371,35.51056181,82.76472679,61.40032573,59,62.76941931,79.0569415,32.984845
